 -7.248007  96.439375
 -4.008939  96.439375
 -0.769870  96.439375
  2.469198  96.439375
  5.708266  96.439375
 -8.867541  99.637966
 -5.628473  99.637966
 -2.389405  99.637966
  0.849664  99.637966
  4.088732  99.637966
  7.327801  99.637966
-10.487076 102.836557
 -7.248007 102.836557
 -4.008939 102.836557
 -0.769870 102.836557
  2.469198 102.836557
  5.708266 102.836557
 -8.867541 106.035148
 -5.628473 106.035148
 -2.389405 106.035148
  0.849664 106.035148
  4.088732 106.035148
  7.327801 106.035148
-10.487076 109.233739
 -7.248007 109.233739
 -4.008939 109.233739
 -0.769870 109.233739
  2.469198 109.233739
  5.708266 109.233739
 -8.867541 112.432330
 -5.628473 112.432330
 -2.389405 112.432330
  0.849664 112.432330
  4.088732 112.432330
  7.327801 112.432330
-10.487076 115.630921
 -7.248007 115.630921
 -4.008939 115.630921
 -0.769870 115.630921
  2.469198 115.630921
  5.708266 115.630921
 -8.867541 118.829512
 -5.628473 118.829512
 -2.389405 118.829512
  0.849664 118.829512
  4.088732 118.829512
  7.327801 118.829512
-10.487076 122.028103
 -7.248007 122.028103
 -4.008939 122.028103
 -0.769870 122.028103
  2.469198 122.028103
  5.708266 122.028103
 -8.867541 125.226694
 -5.628473 125.226694
 -2.389405 125.226694
  0.849664 125.226694
  4.088732 125.226694
  7.327801 125.226694
-10.487076 128.425285
 -7.248007 128.425285
 -4.008939 128.425285
 -0.769870 128.425285
  2.469198 128.425285
  5.708266 128.425285
 -8.867541 131.623876
 -5.628473 131.623876
 -2.389405 131.623876
  0.849664 131.623876
  4.088732 131.623876
  7.327801 131.623876
-10.487076 134.822467
 -7.248007 134.822467
 -4.008939 134.822467
 -0.769870 134.822467
  2.469198 134.822467
  5.708266 134.822467
-12.106610 138.021058
