1.163413 0.892941 1.107698 0.924882 1.218618 1.232908 1.252038 1.158302 0.923517 1.059207 1.010541 1.208701 1.224398 1.025907 0.898087 1.024435 0.859350 0.942170 1.200304 0.970733 0.952644 1.113390 0.834070 
0.932674 0.884040 1.016995 0.895405 0.924697 0.807387 1.124300 0.941780 1.138019 
0.822085 1.039638 0.900428 1.045254 1.153591 0.987055 1.163421 1.090831 0.872013 1.202270 0.884870 1.212702 0.955613 0.876106 0.970006 1.059637 1.180558 1.019603 0.815619 1.160226 0.978058 1.212415 1.026926 1.053188 1.234608 1.133977 0.825724 0.890141 1.211527 
0.802611 0.873343 0.971928 1.065082 1.188171 1.246976 0.987521 0.913746 1.167962 0.861990 1.055172 1.095278 1.035623 1.143499 1.203606 0.983584 1.231778 
1.035174 1.255777 0.998641 1.023459 0.960581 1.187924 0.855018 0.984180 1.135015 1.031482 1.039346 1.138649 1.024972 1.087786 0.964776 0.881057 1.041680 1.171541 0.811439 0.801650 1.209511 0.894435 0.822817 0.831917 1.243533 0.942331 0.821362 1.018637 1.109361 0.930835 0.957314 
1.140470 0.876792 0.943434 0.909974 1.197420 1.016881 0.874448 1.243696 0.823764 0.958273 0.958971 1.191543 1.008461 0.958697 1.208467 1.173198 1.091504 1.010566 1.151514 
0.862355 0.876943 1.038874 1.060833 0.804644 0.904918 0.863480 0.884710 0.952063 0.928472 0.916329 0.903507 1.176225 1.001084 0.974106 
0.942730 0.880609 1.127907 0.843635 1.024487 0.909107 1.091658 1.187998 1.062048 1.229176 1.154057 0.950661 1.097890 1.243450 1.123320 1.055594 1.144853 0.852098 1.174530 0.987283 0.892723 
1.038106 1.124048 1.019329 1.163981 0.811937 0.917588 1.132913 1.250104 0.909655 1.153457 0.902511 1.207875 0.899369 0.945536 0.849160 0.822222 1.060054 1.060770 1.183455 0.890449 1.216735 1.063713 
0.984451 1.103363 1.052635 0.852295 0.812093 1.245239 1.032146 1.009928 0.890932 0.800919 0.912263 0.890423 1.065779 1.046370 1.167196 1.068969 1.076419 1.090814 0.846267 
1.054849 0.852596 1.173137 1.009414 0.904670 1.030631 0.916469 1.232371 1.138422 0.829380 0.834041 1.219192 0.944162 0.798723 1.043099 1.106838 0.839922 1.156690 
0.885242 0.906880 1.126579 0.993648 0.958530 1.008189 0.965252 0.860428 1.159855 0.911523 0.911578 1.190350 0.827209 
0.822944 1.245389 0.849451 0.943013 1.154974 1.137840 1.136283 0.963309 1.034338 1.118840 0.876721 1.089931 0.867940 0.863928 1.216652 0.831587 
0.955433 1.015538 1.256379 0.877351 1.010204 0.798279 0.871151 0.974503 1.090675 0.843757 1.108861 1.189136 0.994595 1.059240 0.836820 0.958865 1.054467 0.930153 
1.199041 1.202265 1.157403 0.973427 1.180937 0.907720 0.876516 0.956378 1.076444 0.974802 0.912183 0.990627 1.137411 0.985074 1.245146 1.166722 1.057080 0.870769 1.025607 1.115281 1.023004 1.009958 1.175901 1.065653 1.125219 0.875843 1.004641 1.045569 0.968637 0.951747 0.930641 0.991777 1.057320 0.888938 1.097156 0.863386 1.133845 0.908542 1.149460 1.005571 
1.129609 1.103623 0.822467 1.126053 1.113718 1.091957 0.908515 1.122754 
1.175550 1.073566 0.871701 0.879850 0.887912 1.100340 1.030613 0.999883 1.177239 0.822531 1.024563 1.214290 1.070259 1.046080 1.230609 1.026638 0.861889 
1.123314 1.254743 1.157411 0.883064 1.004309 1.041817 1.226266 0.906060 1.132693 0.929430 0.939253 0.991005 0.920531 1.141403 0.960253 1.038303 1.007715 1.145941 1.225951 0.949478 1.232046 0.956754 0.802812 0.986299 0.934721 0.910534 1.206435 
1.083255 1.017267 0.963817 0.970945 0.978105 0.903264 1.238820 1.143022 0.910784 1.019183 1.206965 0.954975 0.867339 0.961241 1.119601 1.092286 1.121152 1.053361 1.020442 1.028105 0.865739 0.827295 1.226369 1.024146 1.001348 0.918857 0.917711 0.977885 1.041728 
1.229014 1.077942 1.230984 0.812882 1.109865 0.806193 0.932319 0.962929 1.109490 1.057412 1.244598 1.047331 0.927366 1.014117 1.136707 1.131939 1.076045 1.187131 
0.964075 0.975650 0.861707 1.003218 0.982039 1.130647 1.035755 1.058849 1.020160 0.920469 1.081732 0.955795 0.801976 0.994562 1.068727 
0.918417 0.992251 1.148350 1.045769 1.128021 1.016513 
0.982959 0.967276 1.249983 0.868136 1.241572 0.809067 1.116973 1.038013 0.953819 0.921062 0.855081 0.828742 0.984356 0.973948 1.046362 1.146545 
0.822988 0.968445 0.815954 0.996313 0.929920 1.207870 0.888778 0.838357 1.197587 0.835955 1.252355 1.116155 1.042900 0.956311 1.196901 0.853333 
1.029932 1.228655 0.931383 0.824544 1.028033 0.979103 1.232679 1.226158 1.169626 1.107561 1.087325 1.044748 0.995237 0.825658 1.144754 1.066369 0.911159 1.057877 1.011241 0.854228 0.947969 1.084943 1.027104 1.152764 0.915442 0.985515 1.163319 0.834396 0.799149 
0.923405 0.937473 0.836739 1.041726 0.840491 0.843197 0.971433 1.254057 0.909405 0.920610 1.068193 1.081285 0.904120 1.076758 1.098790 1.021702 
1.100820 1.161787 1.198320 1.005583 0.798381 1.026320 1.008731 0.862018 0.918869 0.946643 1.187658 0.827261 1.215989 0.800862 1.160348 
1.202488 0.903990 1.108376 0.813640 0.871157 1.121092 1.068910 0.828703 0.834607 1.182185 1.026445 0.899993 1.018796 1.226639 1.174416 0.862706 1.034702 1.032886 0.992464 1.045418 0.794573 0.965580 1.114180 
1.035116 0.976579 0.864887 1.037526 1.089911 1.068124 1.248676 0.799415 1.122317 0.838540 0.869723 1.090903 0.965137 1.062430 1.238907 0.978376 0.894086 1.227364 
0.898946 1.256899 1.150020 1.225743 0.915811 0.953896 1.007445 1.241269 1.257096 
0.795884 1.012455 0.974775 0.992904 1.128373 1.005709 1.004055 1.091225 0.860538 1.021137 1.063244 0.853093 0.899721 1.218545 1.072149 1.213844 0.928557 0.854714 0.835491 0.841778 1.244692 1.234549 0.937945 0.929246 0.992188 0.821575 1.123159 
0.919277 1.108591 0.865158 0.917889 0.970453 1.175535 1.018314 1.246956 1.031541 0.811798 1.080605 1.094061 1.021495 0.892280 0.880864 0.812383 0.877142 1.076629 0.924870 0.965225 1.178103 1.090157 1.022191 1.116055 0.908225 0.962902 
0.922426 0.944319 1.257651 0.795308 1.142967 0.799455 1.039508 0.851362 0.835944 0.988315 0.944903 1.203196 1.001909 1.076477 0.923819 1.057702 1.007449 1.038129 1.204660 0.830991 0.898975 0.957595 0.870900 1.053917 1.107069 
1.007933 1.045754 0.826778 0.871849 0.988900 1.235292 1.043509 0.807511 0.933987 0.940226 0.972962 
1.128834 1.164501 1.256552 0.809589 0.969234 0.809817 0.900700 0.802037 1.055131 0.925322 0.982814 1.043035 1.191622 0.812082 1.213909 1.101147 0.942375 1.255763 0.977124 1.216235 
1.216536 1.103018 1.015655 1.025972 0.817968 0.848746 1.023388 1.071326 0.878931 0.878975 0.820998 0.897060 
0.857535 0.861005 1.038996 1.004627 0.994599 1.236793 1.253093 1.093510 1.143865 1.021603 0.862111 0.997607 0.941451 0.851182 1.026228 
0.872795 0.870805 0.897402 1.027847 0.958280 1.146100 1.031338 1.023708 1.176361 0.884183 0.986124 0.898463 0.797875 0.886176 1.149181 1.029336 0.974221 0.952121 0.965412 1.111099 1.105842 0.910024 0.834562 
0.813066 0.840907 1.251853 1.009333 0.886908 0.879391 0.974758 1.149551 1.013667 1.170343 0.968558 0.853784 0.997047 
1.244028 1.013156 1.124495 0.807978 0.963884 1.017570 1.222581 1.237431 0.963207 0.820581 0.902779 0.825284 0.835523 0.866996 0.940131 0.975448 0.870807 1.030038 1.192237 1.243276 1.092206 1.225335 1.021035 1.073034 0.983912 1.020958 1.243078 0.869588 0.963945 1.005333 1.218282 0.939217 0.811781 1.108639 0.851286 
0.940145 0.969814 0.866243 1.093126 0.943861 1.209532 1.009693 1.147032 1.237786 0.813076 1.041024 0.795669 
1.173865 1.001578 0.811554 0.895334 0.795911 1.121757 1.173009 0.829365 0.944270 1.227016 0.833675 0.925282 1.039395 1.081305 1.195289 1.038090 1.033482 0.918033 
1.244084 0.816452 1.167637 1.006492 0.826189 0.958343 1.088406 1.096716 1.180982 0.825654 1.029780 0.932590 1.076025 0.979628 1.137964 1.015841 1.164568 1.221086 0.820579 1.071556 1.096483 0.872915 1.021901 0.885550 
1.155041 0.984918 0.879479 0.839584 1.129839 1.002761 0.810187 1.237551 1.151394 1.198693 1.205700 1.191397 0.803159 1.021974 0.862113 1.157615 0.994994 1.157447 0.855084 1.255021 1.160099 0.890339 1.161536 0.948245 0.950402 1.242693 0.915564 1.039610 
1.071991 1.213202 1.072749 0.852823 1.184979 1.138341 1.038116 1.247641 1.186824 1.223100 
1.097952 0.835978 1.118071 0.816784 1.049380 0.918972 0.903651 0.803279 1.172873 0.843795 1.224102 0.911198 0.891561 0.920874 1.009843 1.002657 0.805116 
0.855084 0.868708 1.061182 0.900858 0.849227 0.912458 1.163220 1.218300 0.807639 1.212803 0.921911 0.846755 1.161540 0.973633 1.072426 0.918688 1.150826 1.024192 0.822802 1.141094 
0.936500 1.118917 0.906518 0.879866 1.174969 1.007591 0.856031 1.100734 1.116310 1.017800 0.931125 1.034062 1.213092 1.163389 0.876665 1.070052 0.902487 1.206069 0.837734 1.114325 
1.120004 0.809168 0.921301 0.848638 1.187814 0.940571 1.065676 1.070880 0.899091 1.215839 0.799642 1.002629 0.958123 0.806585 1.171917 0.835984 1.059830 1.082585 0.940421 0.834201 0.930228 1.087873 
1.218279 1.103386 0.889524 1.098333 0.878573 0.827471 0.937078 1.169052 0.971651 1.238789 1.044976 1.094043 1.162228 1.098664 1.248594 1.084387 0.898883 
1.253144 0.957056 0.839294 0.820725 0.978464 0.821359 1.257565 0.992025 1.083438 0.906073 0.814831 0.851235 1.126089 1.222358 1.215725 0.870566 1.249453 1.056201 0.903520 0.840269 1.137629 1.007537 1.024094 
1.039405 0.865226 0.905923 1.106044 0.871610 0.944607 0.823493 1.232548 0.995001 1.112093 1.014293 0.876525 0.849401 1.238418 0.954886 0.867052 1.181136 0.985889 0.988298 1.136995 0.847380 1.203567 0.866862 
1.106058 1.216626 0.846863 1.045690 1.075078 0.995252 1.143836 1.017115 0.996313 0.874461 1.174767 1.097112 0.940407 1.158382 1.192561 0.904689 1.141356 0.990414 1.028359 0.898776 1.124928 1.047307 1.011151 0.886584 
0.904935 1.087404 1.171166 0.919519 1.097752 0.978101 0.855559 0.828196 1.107400 1.091373 0.798450 1.007898 1.150569 0.996586 1.066059 0.948943 0.810213 1.097548 1.173586 1.111046 0.978444 
1.041907 1.233741 1.132277 1.087992 1.112549 1.066495 0.955576 1.097449 0.835996 0.884656 0.904515 0.848931 0.880986 1.181887 1.081057 0.949572 1.088507 0.965988 1.061692 1.170026 0.802522 0.913742 1.218924 1.010747 0.917914 1.192610 0.965356 1.239424 1.117612 1.026890 0.949669 1.030081 
0.855288 0.905701 0.903622 1.189486 0.957650 1.015093 1.124700 0.991947 1.045590 0.891783 0.796353 1.208878 1.037392 0.835302 1.054854 1.221773 1.039753 1.213431 1.181748 0.813777 1.015820 0.858424 0.964496 0.905289 0.938703 0.883964 0.978217 0.853768 1.147518 0.835513 0.816432 
0.834297 1.020647 0.839491 0.863739 0.810427 0.821632 0.908754 0.899536 1.094206 1.107453 1.056582 0.885296 1.157561 0.848644 1.110898 1.230484 1.177940 0.859290 0.941095 0.832180 1.017781 0.992048 0.809732 
1.003013 0.888190 0.883767 1.227131 0.912734 0.859400 0.967848 1.044447 1.155257 1.066216 0.939695 1.232998 1.066238 0.852667 0.894905 1.051128 0.848377 1.039561 
0.918566 0.949447 1.111682 1.203467 1.001153 1.168687 0.967079 1.036822 0.862246 
1.222475 1.163917 0.997532 1.225734 1.243767 1.163326 0.960226 1.067576 0.907973 1.204733 1.110868 1.029332 0.989862 1.221749 1.021208 
1.069646 0.957612 0.929382 1.137838 1.014047 1.171107 0.894000 0.804095 1.054423 
0.821502 0.819003 0.996922 0.958453 0.949127 0.832541 1.103047 0.949109 0.856945 1.235773 0.974244 0.956884 0.975835 0.949030 1.087015 0.871417 1.153215 1.128426 1.036412 0.863142 0.904866 1.124383 1.192673 0.903839 1.086089 0.969889 0.925134 1.213238 0.951753 1.040383 0.800257 0.915508 
1.160928 1.004281 1.099423 0.932639 0.812537 1.067882 0.939086 0.919482 0.961853 0.954859 0.984981 0.911172 0.946262 0.822109 1.093705 0.884993 1.200974 0.994160 0.911749 1.087686 1.171521 1.075166 0.895428 0.892169 1.142207 1.074490 0.895178 1.165373 0.851056 0.833872 
1.242724 0.969090 1.197374 0.876631 0.842024 1.233468 0.948071 0.975497 1.099122 0.967077 0.832967 1.102196 0.868989 0.845914 0.974273 
1.151726 1.123035 0.887874 0.906940 0.867332 1.052486 0.860850 0.909839 1.028415 1.149078 0.908728 0.963183 1.037659 0.851714 1.048434 1.018790 
1.078684 0.998250 0.974195 0.817704 0.850594 0.994937 1.048083 0.963923 1.034195 0.902782 1.172541 1.185845 0.971496 1.121053 0.970577 1.067263 1.208095 
1.226336 0.939700 1.050629 0.919792 0.978361 1.018396 0.809033 0.855733 1.234997 0.984629 0.982338 0.984276 1.215345 
1.255998 0.991523 1.103156 0.856805 0.802560 1.053610 0.944241 1.045825 1.152015 0.924535 0.819202 0.905032 0.835773 0.932989 0.844364 0.805617 0.971561 0.808983 1.170212 0.997488 1.060824 0.888506 
1.017696 0.885848 1.242195 0.937669 1.126623 0.829573 0.970734 0.837340 
0.925409 1.227512 1.153515 1.061772 1.031258 1.049358 1.058675 0.998560 0.918926 
0.890746 1.195301 0.853456 1.254455 1.041847 0.870182 1.165586 0.922070 1.071802 1.257160 0.865542 0.865761 1.128944 0.879972 
1.108444 0.981418 1.246563 0.871915 0.918160 0.816073 1.139458 0.883060 0.906052 0.876138 0.954607 0.794914 1.163727 0.861491 1.126527 1.080805 1.098759 1.060381 1.032706 1.100493 0.848192 1.004019 1.139911 1.005477 1.249973 1.173220 0.941571 1.153574 1.052480 1.041825 0.853403 0.813432 0.872036 
1.214497 1.102562 0.898380 0.870000 0.824364 0.872571 0.986898 0.997266 1.155784 1.052136 1.030174 1.238752 0.992359 0.885505 1.063885 1.188340 0.940836 
0.934357 0.859648 0.971059 0.875693 1.104886 1.050855 1.134470 1.076225 0.973773 1.066854 1.167988 1.154872 0.964212 0.910224 1.100547 0.848826 1.004715 1.057428 0.802029 0.846077 1.126807 0.901725 
0.841196 1.000140 0.954119 0.968145 0.901984 0.938060 0.832544 0.796520 0.860716 1.216105 1.017752 1.203961 0.934097 1.256059 1.007733 1.110711 0.826824 1.002583 1.126854 1.151907 0.961207 1.072670 0.954079 1.254112 0.826660 1.102684 0.954223 0.797362 1.203066 0.887497 1.095934 0.939150 1.110514 0.931732 1.080140 0.932577 0.880084 0.917197 0.797809 1.054557 
1.084004 0.997233 0.806794 0.835764 1.191585 0.973368 1.126912 1.090716 1.057057 1.186741 0.893093 0.928479 1.214193 0.915943 1.000892 1.245202 1.011601 0.961329 1.005238 1.094485 
0.802792 0.958404 1.252496 0.811807 1.009438 0.926488 0.892115 1.197995 1.095229 0.886722 1.133624 0.964343 1.206903 1.141212 0.963634 0.845256 1.000005 0.814922 0.822739 1.022584 0.985930 
1.194890 1.218124 1.117584 0.872191 1.165077 0.798409 0.931930 0.945173 0.934412 1.232228 1.019844 1.063682 1.147280 1.082706 1.203519 0.996669 1.238753 1.159387 0.959251 0.917139 
1.248339 1.071661 0.814106 0.895708 0.841448 0.897104 0.954918 1.093430 1.062773 0.912055 0.876154 1.228925 0.855350 1.176412 
0.818759 1.209753 0.968187 1.058771 1.069164 0.879797 0.994373 1.108172 0.900280 0.876750 1.144189 0.941239 0.820772 0.834883 1.083684 1.104467 1.067211 0.974076 0.933788 
1.195864 0.987437 1.067648 1.070751 0.995699 0.813957 1.217193 0.943488 1.158682 1.042116 0.798709 0.990884 0.919329 0.927636 0.962491 0.867512 
1.094243 1.165767 0.932993 1.209225 1.045955 0.852586 1.010185 1.056117 0.929160 0.929447 1.051586 1.094446 0.836063 0.861065 1.185521 0.940460 0.881086 1.024664 
1.252650 1.010316 0.898365 0.912593 0.975412 1.034628 1.098261 0.961143 0.898825 1.097925 0.887436 0.874403 0.801653 
1.098288 1.050240 0.954184 1.096718 0.911050 0.797478 1.056361 0.805350 1.124331 0.874251 0.813618 1.044980 0.799239 0.869989 0.855445 0.827700 0.844287 1.050200 1.207842 1.199926 0.829718 0.882509 
1.012749 1.058432 1.156027 1.032075 0.836817 1.028329 0.875408 1.184942 0.891619 1.039189 1.048061 0.882974 1.138871 1.157262 0.806949 1.148757 1.247997 0.808243 1.215580 
0.827651 1.142733 0.933666 1.103994 0.797141 1.188211 1.110033 1.110684 0.806059 0.973859 1.250583 1.204166 0.848206 1.125983 1.068766 0.987368 
1.179706 1.193722 1.175202 0.826748 1.158418 1.215295 0.961243 1.000280 0.914469 0.988890 1.083900 1.087886 0.836500 1.028355 0.857169 0.858665 0.893256 1.232401 1.042503 0.865996 0.919838 0.873619 0.962275 1.018868 1.066044 1.025001 
0.836142 1.047051 0.796000 0.807192 0.848665 0.888145 1.002017 1.243412 0.894964 1.235694 1.105696 1.121091 1.103225 0.969046 1.112371 0.971410 0.830080 0.894277 0.923411 
1.201924 1.128746 1.210759 1.062404 1.255533 1.031079 0.816947 0.795772 1.056830 
0.892302 1.028043 1.245603 1.243936 0.992866 0.960701 1.054831 0.853424 0.862722 1.096163 1.129520 1.089704 0.798749 1.103611 0.952417 1.091955 
0.944795 0.998601 1.004230 1.107218 0.872907 1.097917 1.046252 1.228847 1.199999 1.118610 1.000846 0.812907 0.838710 0.842833 1.046449 1.042176 0.865335 1.075286 
0.941520 0.969273 0.901689 0.812346 0.831123 0.843738 1.110054 1.021595 1.027479 0.872730 1.029018 1.162913 
1.169793 0.828795 0.820048 1.085534 0.940353 0.905473 1.115634 1.162058 0.819530 0.996225 1.045795 1.012705 1.248017 0.809875 1.022902 0.847186 1.109475 1.169199 1.240031 1.119306 1.165052 0.840894 1.118574 
1.081435 1.084397 1.095693 0.953422 0.930618 1.052211 1.064903 0.988684 0.857836 1.140002 1.210703 1.043225 0.918885 0.891284 
1.093698 0.978665 1.155381 1.001864 0.912913 0.884521 0.816680 0.991017 0.879126 1.081415 1.156563 1.242430 0.945175 0.958824 0.965292 
1.042171 0.943383 1.152365 0.913226 0.833184 0.848368 
0.797792 1.137418 1.240507 1.009332 1.013319 1.031276 0.805079 0.945682 1.156183 0.985915 1.020349 0.827751 1.022146 0.900580 1.145615 1.126126 1.098627 
1.050418 1.071470 0.972251 0.883892 0.972999 0.914117 1.010190 0.902647 0.955607 1.009304 0.931317 0.871775 1.037326 1.188396 0.988035 0.886769 1.194021 1.225400 1.115296 1.010740 1.013021 1.246389 0.947807 1.168579 1.092134 
1.072280 1.126613 0.952301 1.059759 0.825071 1.029156 1.022125 1.203730 1.204918 0.946260 1.049824 1.006661 0.955362 1.195720 1.257822 1.056325 0.944283 1.099679 0.821861 1.032580 
1.138488 1.214780 1.063908 1.255465 0.994489 0.921185 1.041752 0.797497 1.099897 1.013974 1.025948 1.137355 0.814609 1.244297 1.036174 1.172217 0.803375 1.101195 0.799522 
