  0.335694  69.228992
  0.473287  66.144953
  0.445447 106.550040
  0.378783  79.987997
  0.398955 102.500062
  0.379122  73.027511
  0.427089 110.801227
  0.366471  62.584661
  0.423148  84.407513
  0.391072  70.450941
  0.384299  79.000779
  0.452617 100.034460
  0.399309  63.655424
  0.363491  80.979711
  0.334223  72.427912
  0.397124 120.918218
  0.424437  83.043596
  0.417261 101.434325
  0.364197  79.795648
  0.371205  83.156317
  0.375653  63.076963
  0.396090  77.760086
  0.381946  96.584382
  0.399803  97.784862
  0.429245  72.760240
  0.383448 105.494514
  0.427040  62.582095
  0.387495  86.895103
  0.356033  62.181483
  0.322342  78.218012
  0.394285  65.691066
  0.399623 113.436825
  0.401945  78.123024
  0.366260  75.639247
  0.369145 117.665041
  0.405026 107.761707
  0.358795  58.542557
  0.402948  85.411627
  0.402101  78.064655
  0.400687 100.723743
  0.403113  93.567623
  0.390531  60.279464
  0.376137  88.580552
  0.363473  70.976386
  0.316034  72.197093
  0.417142  71.154769
  0.389594  67.375453
  0.373648  83.857630
  0.380655  67.083128
  0.328208  70.392251
  0.355407  90.395507
  0.411824  92.800516
  0.398208  64.942578
  0.371986  81.740425
  0.377830  83.567032
  0.367733  84.867990
  0.396552  95.753160
  0.422691  96.866631
  0.384307  55.607017
  0.343018  76.767490
  0.371377  92.774678
  0.402738  83.659236
  0.421090  70.465057
  0.389043  66.052747
  0.413727  67.309899
  0.354504  91.386438
  0.357077  95.347248
  0.420365  77.080396
  0.462194  71.591199
  0.365566  72.031065
  0.422672  67.242534
  0.395560 106.358113
  0.380664  63.177692
  0.427395 117.131758
  0.386581 110.546166
  0.334558  63.677495
  0.459065  81.837543
  0.378468  58.056771
  0.436754  81.254715
  0.388887 104.930652
  0.415917 108.642530
  0.329305  83.524001
  0.371282  89.653435
  0.417182  96.227874
  0.401003  75.589685
  0.370036  72.055765
  0.336217  84.970674
  0.407038 120.678054
  0.405317 128.368749
  0.431499  66.824822
  0.383084  76.123956
  0.447201  72.072251
  0.396679  67.286968
  0.365434  38.786970
  0.343192  66.983255
  0.423990  89.703962
  0.419676 115.770659
  0.397804  64.076447
  0.387186 109.456624
  0.344808  66.857988
