 80.029419  32.773186
 50.100489  29.986692
 91.866799  33.222764
 81.702953  32.110108
100.469273  35.391595
 79.890538  32.722669
 68.440758  30.399361
 73.970839  31.103491
 75.716236  29.928104
 72.641917  33.109007
 65.004549  35.103673
 60.190316  33.398161
 68.201320  32.571992
 76.102278  32.673241
124.719962  32.230203
 52.416602  34.020421
 75.842750  33.469332
 96.565162  34.776224
 90.921741  33.439692
 61.959359  33.277827
 66.260882  28.722673
 51.737267  33.228888
 71.842587  30.796381
 64.439881  35.637368
 90.555807  32.194783
 74.258223  32.682946
 63.667919  31.261070
 85.342535  31.880996
 67.034429  31.196624
 52.833575  30.406740
 84.153028  33.242189
 77.434486  35.787643
 92.864780  32.066429
 55.744945  30.392748
 77.909621  30.555478
 60.180920  34.866152
 67.590665  30.165991
 81.627960  34.065144
 55.827671  33.440938
112.510409  35.314046
 60.542194  32.840683
 63.154239  28.665378
 75.640948  33.556330
 90.864914  31.362621
 54.637219  32.151114
 63.837904  33.197327
 71.432674  32.953964
 82.927735  35.607536
 69.730918  30.985095
 71.607949  32.520861
 85.241072  35.227594
 80.955290  33.255702
 95.040340  33.890226
 87.563310  29.877326
104.005799  33.742340
 86.257549  34.438590
 84.850000  32.426813
 71.139403  34.545848
 62.810949  30.327163
 65.275213  32.179384
 50.240964  32.715474
 98.264005  33.871415
 84.782080  33.981537
 67.095493  33.372990
 68.897645  30.982681
 73.509527  31.562714
 62.521021  31.074201
 79.562577  32.632402
 49.723493  33.180766
 51.518020  31.864808
 61.042455  32.163764
104.651054  33.071841
 69.198409  32.756225
 78.846095  32.659366
113.922963  34.365217
 78.855603  32.048110
 78.153066  32.678569
 72.759205  28.062071
 59.864942  32.158136
 74.421789  31.732304
 67.733709  32.534715
 72.012625  32.597606
 57.998561  31.081621
 83.011465  34.331875
 79.789968  30.323607
 73.537214  29.848475
 91.281449  33.346966
 70.195419  34.436008
 57.981998  32.059723
 67.901741  33.104631
 71.462844  33.153358
 58.004105  31.924721
 81.533158  32.969827
 57.708374  26.856110
 66.336315  28.197389
 43.720771  29.939218
 78.362367  31.647391
 87.215387  31.783903
 72.515282  31.154568
 75.733276  31.624634
