7.411093 2.610780 2.195899 42.804422 152.154797 3.320927 1.394074 3.653182 11.444838 45.837688 1.238251 2.590881 7.237900 9.955969 2.064790 43.666035 
56.821335 12.168865 16.855835 450.696817 49.921828 22.384680 7.555530 11.182786 328.256902 2.131250 232.614153 210.055252 3.778043 1.057363 4.530077 17.693380 110.209346 0.769149 11.051266 57.836718 27.896995 8.501880 34.225543 21.913731 29.882074 1276.095671 24.645658 
46.006652 633.921277 766.677864 45.675743 84.571566 84.594920 687.454279 531.972765 53.123549 0.815216 16.078267 38.134921 4201.707570 968.317154 8.163836 4.085499 12.460046 55.084670 4.288514 9.031397 135.174081 16.249455 
232.386026 15.079422 252.814271 389.841115 629.382456 97.936921 129.250544 277.524457 220.220464 1026.093869 61.290683 228.049917 109.581788 56.245966 51.810966 504.079770 199.255588 1059.803239 1049.881465 628.894461 476.999304 
202.560694 3.680534 5.865258 75.714665 202.310625 176.497764 14.340979 1.399256 6.189427 33.942513 109.152503 886.074476 
12.995191 367.105982 14.551497 112.600786 376.219354 336.330055 8.971381 249.952949 34.335897 3.930282 6.937327 
90.443321 342.054918 24.790232 1469.192216 276.264517 664.789024 1093.635773 793.750613 22.595856 126.823532 57.654424 56.030172 108.165702 161.883689 44.495961 154.792392 247.841983 205.928378 360.897441 649.763803 942.089040 129.185268 73.089553 2646.521451 359.584226 293.955113 918.227464 684.963733 14.933757 87.751347 403.755150 1579.134507 154.270813 554.630202 
13.830517 71.270891 28.300255 759.926590 1541.880631 73.582667 168.609802 58.079871 37.893175 637.908289 6.729193 35.323902 0.836719 7.120587 327.193011 161.879501 357.910470 7.936324 24.656262 7.657679 27.079063 291.247313 
0.417720 1.733296 0.894742 119.754836 1.155530 11.343873 7.068789 1.697196 21.757525 0.718285 119.099394 67.542208 5.015808 288.333538 32.006400 1.184776 2.360274 29.531409 4.815927 216.563485 0.666214 54.468961 6.937432 6.140026 0.807457 80.851751 1.919864 56.563234 31.034939 47.176933 132.800021 
1.809176 3.520334 11.687027 0.515810 1175.926731 309.382026 24.205771 38.205659 28.413777 40.270100 30.138691 67.195659 1054.025456 58.921833 15.672069 6.456187 2582.296517 136.955793 86.367855 112.771679 518.814620 17.286774 1.267663 
2445.515953 35.025838 470.888453 598.738767 1770.334660 16.405886 5.945012 17.264951 458.506307 1207.584877 23.545690 76.211034 233.137325 104.560650 62.530417 226.074887 141.395250 6.624991 4499.416854 1519.666030 301.675532 2220.820264 99.302037 6.082286 1896.387920 67.459782 172.081486 3.250107 69.992814 39.828154 5.808145 
72.166702 63.746052 3.764170 147.700543 41.422683 79.169020 23.571155 10.158933 34.833118 1829.418364 3.475259 191.532509 365.056816 2.748663 168.766657 138.629474 2.039781 
1.366229 33.565687 3.734740 1.521222 0.762951 4.296428 8.860741 5.534927 12.947531 34.694924 275.236035 6.933151 30.649252 6.854405 7.883007 92.723547 66.946937 22.311784 5.116827 17.758468 26.009262 81.285994 37.540430 25.695973 11.936445 35.996193 8.235135 0.278637 201.174589 2.923487 6.751382 8.141889 65.664474 11.310760 45.734356 1.222899 56.944782 
157.370867 56.286467 23.384104 126.526375 1389.785973 93.417486 26.718654 9.558563 17.942339 63.021905 16.540669 291.652240 581.819882 563.724915 
27.374549 5.808959 4.964049 15.930769 7.736641 255.930547 2.205428 2.377432 13.002657 19.987345 2.064678 3.152302 17.548846 2.826906 0.511045 31.049710 
1116.365291 159.470620 57.280670 125.080167 557.252410 407.410748 33.103018 79.962647 1675.061907 293.581098 262.425845 95.274113 1158.152181 6.685858 
172.070225 369.172077 125.665563 36.457346 216.825844 293.855083 164.503418 3820.673083 57.382703 1229.966140 51.687423 89.372700 27.238006 650.148117 175.733118 104.314348 1311.966135 174.870966 405.543187 4972.002203 66.850303 2890.370345 117.442354 196.433784 
4114.653860 215.557370 1568.198604 236.531475 940.392353 593.024624 89.467107 258.332475 47.433862 145.206886 1422.223047 72.490991 31.236373 338.046579 258.473174 51.801679 44.114577 
488.568113 866.531845 23.285021 40.191384 412.873987 0.420238 36.226245 9.636180 30.810613 0.455349 933.336295 12.541127 13.449805 21.520586 3.689561 1.238780 24.318420 88.942201 
1.679644 246.575324 2.241457 12.691432 613.346245 4.064470 7905.842053 12840.163257 249.664222 42.939090 12357.869754 2047.465329 295.051298 6511.049952 3.660286 4.324885 
190.999942 6.447015 37.887264 6.511197 1.306168 6.067858 384.282573 11.963260 54.127230 149.683386 20.906015 1877.313397 1.890283 54.031766 5.989894 1.427812 13.671588 64.829821 494.449781 0.813931 100.244095 
626.815162 262.420247 20.560190 871.889961 73.617588 179.785237 50.727510 211.933934 64.654813 142.681250 66.391047 23.399416 103.738330 305.515077 261.241405 24.094419 97.454759 
2.244360 475.913491 153.073709 33.342650 7.650041 92.738870 9.453604 88.106106 178.589685 201.065445 67.404148 170.479050 32.304603 12.947382 
80.672656 3511.166123 3679.636639 673.559271 2025.645706 1006.361600 763.723446 91.795035 669.625173 846.086190 14.434521 13.749662 687.668746 457.353920 795.308774 13.256727 119.953320 68.863648 26.317091 74.881035 785.673677 16.249765 20.384692 1183.986343 1494.463111 4098.265486 
2888.521924 973.171206 776.769624 6807.298772 3684.357197 19.937552 24.806650 1114.318434 31.851730 4877.499407 742.987701 649.735821 22.589681 9042.072072 264.982334 13841.792637 65.460641 42.793075 
26.235214 4.514745 3.021798 2.484488 3.580340 2.950232 6.313143 2.890138 8.355786 0.995769 1.093982 0.812854 3.617001 6.391659 0.471993 0.478694 4.348757 13.791456 4.590096 4.245323 10.302609 3.188312 33.467305 2.386235 6.360203 3.264314 1.329224 1.020689 
2812.894783 913.304413 157.450374 85.196154 69.683926 593.574665 99.485992 1.360059 128.397314 2533.413212 14.645018 8.512529 1450.379748 124.096154 125.432524 
291.597146 30.680982 45.208220 810.452085 14.961635 148.719107 1.963219 44.758207 0.720985 3.187118 1.353178 33.264020 94.126259 236.372094 173.317887 
3.885897 320.173082 266.989108 7.635407 7.488584 7.747258 1.572665 339.602149 1.530946 1.065981 238.722697 39.499762 51.899121 1224.713491 176.253910 935.731241 2047.888742 15.542091 193.993497 
2129.720405 1.989838 97.419838 6.737902 1.558545 7.686155 
54.144361 31.679981 619.612758 303.251726 30.461885 322.169851 55.712233 1466.776570 
11000.388444 2557.770368 43.926731 520.283546 9.960917 2337.863715 164.556925 3.923688 151.225317 91.601341 443.404464 14.854562 63.953870 1069.354918 18.958760 126.694754 2544.382007 256.525894 24.700231 2153.309629 97.735815 6.075533 77.183422 21.848760 7858.993291 296.924754 23.110980 829.077807 747.141232 
84.539744 591.524402 43.490965 183.819578 92.280715 128.510015 363.661033 1045.883168 60.232042 338.547084 650.315808 171.399737 2205.938037 15.244958 17.470819 37.914511 1001.804417 290.504140 
38.114919 97.495282 1.273641 52.539991 246.432438 6.354236 28.410279 85.398147 2.908612 269.097479 61.520462 11.535414 3157.017958 174.137401 15.521140 10.164996 
0.218328 239.845383 50.782617 75.782350 25.405676 101.904127 16.731983 1.072334 14.344690 7.529010 0.816999 24.517831 5.033989 1.386680 4.288562 
60.175794 9.403163 173.687851 2184.060678 316.083822 841.375061 1476.155364 1994.871344 232.405926 1248.544977 1491.645481 12.972230 13.999827 97.901567 1990.118363 386.375518 579.834922 642.459234 257.313458 69.370285 301.956616 287.084065 1453.823642 132.654931 
4.158518 33.598054 61.421777 0.376364 5.475060 106.907375 0.381358 13.111115 8.668245 0.336731 17.844266 232.090662 3.639759 8.273342 104.246736 6.235119 103.587001 13.888104 8.009848 145.471847 6.761539 
13.433342 2.690647 51.333336 109.909753 16.843586 3401.760471 26.743622 26.563726 84.942920 11.895142 105.653467 219.185661 228.676773 263.927341 16.161009 313.465725 144.325567 559.469367 
279.415528 360.767218 1266.010373 9.084644 100.435194 16.568885 47.077408 87.678647 13.170621 1415.825734 4301.585158 2.383839 13.507585 7.671511 990.815563 63.145299 416.043077 2.077884 15.338504 4.174496 20.802651 567.072765 
51.840310 108.347745 28.642724 924.828376 81.282069 666.863315 997.630764 28.370124 30.259666 50.561005 142.535533 370.247863 40.507319 185.356398 51.058697 4.459234 85.633308 186.188534 
208.089633 57.355925 42.785829 28.419114 2.891405 1.847435 2031.788641 49.882154 25.803866 24.292109 219.158394 27.054348 214.712235 251.099569 
913.539137 5324.751443 102.783968 216.846385 95.926161 42.858428 11.196289 882.484109 57.612919 177.455550 108.986704 87.510648 14.029424 56.714007 71.474262 769.521889 251.352497 54.678197 7.152040 129.000668 593.574221 1242.321023 2.218391 37.416987 86.472555 3.965979 12.533145 111.044848 18.959772 183.099073 106.656478 
1341.316318 20.992214 0.771180 1472.625298 3.005985 15.385821 1724.213297 228.097883 0.802491 74.248268 425.900741 1944.573591 9.485700 716.851444 3.952815 29.588197 2751.009166 28.390512 
80.369707 149.755445 164.628159 889.807680 2574.741908 18.252423 437.918943 10.479060 1579.933920 7.137765 871.653104 561.557773 
224.516889 140.168674 1.477677 35.313392 1795.250920 3.249255 142.542496 8.462159 6.258939 72.562703 21.158849 42.676278 
119.531572 54.156303 52.684487 9849.518409 27.628572 95.524643 285.049340 101.346794 181.666895 362.164171 1273.142431 358.515640 1205.878131 12.776591 1356.617034 6.740495 1882.745716 277.273988 45.302557 489.827189 1930.970222 23.858535 1489.727344 1773.594150 3.825240 649.754438 1509.686892 12206.817234 
441.221498 1689.881726 534.985177 290.931482 80.375817 19.706788 553.552876 6.387668 61.992690 120.791873 457.848561 53.660159 3.031003 672.628681 15.857072 590.387540 385.722683 23.997103 2490.300074 538.075827 97.203254 4.543968 403.615576 8.949248 2118.350436 95.544551 146.044920 288.046861 
50.868615 16.092950 27.683626 4.991061 397.248116 242.131546 28.718377 19.888707 9.033674 95.742572 100.207015 645.963846 6153.521615 10.633217 49.339927 69.409766 39.539723 315.201789 30.557379 26.470103 34.963809 517.645623 113.356015 56.688328 224.925818 6.961998 306.126665 61.685525 108.391565 24.687634 87.601318 38.360033 61.372601 153.712314 101.474302 
35.138800 21.085203 1.604345 2.965311 0.192299 2.306266 46.880461 1.605267 8.349770 27.722279 4.129837 1.250308 20.529705 2.158345 3.234843 46.200966 18.439439 8.535578 0.679930 0.488747 28.655378 18.816586 1.058601 45.391843 285.673918 14.913069 3.945110 382.751615 158.230951 39.032391 2.863684 2.583404 0.959059 578.316957 14.532229 4.602613 
6.697516 2.660736 4.633422 0.549580 2.021380 22.456813 1.411879 4.798409 4.402723 9.472297 0.677391 0.254827 6.859468 1.129071 0.046081 0.894805 6.598508 6.934157 0.530311 2.856054 8.612088 2.405091 0.603416 42.986535 1.812005 0.439211 5.302497 
147.828234 129.557108 86.434473 54.927806 333.113261 79.605997 23.063897 93.490586 347.160711 45.015860 62.916171 291.779890 535.795443 98.091630 14.885103 348.810039 2174.913527 11.294256 23.835877 61.097274 
65.487043 59.845072 58.518441 1615.542780 3.105146 120.282261 18.933080 83.044419 73.517149 7.205855 3.643228 743.568656 38.553606 10.388007 141.237166 38.077225 219.261587 1.565776 591.419912 30.639148 3.122704 41.188440 19.152619 1276.619905 40.527382 
3828.163280 446.129163 67.742209 163.973273 329.366231 154.068712 127.719665 163.887606 115.441223 2340.063738 190.748262 45.378590 86.360762 173.581026 
2.990414 1.820415 1.683681 1.221574 1.833333 0.263835 6.026011 1.548130 2.110378 0.468048 3.965769 4.908601 2.485111 1.415504 3.098659 2.666807 1.722677 0.157488 4.576264 5.126380 0.697869 
23.532998 248.255926 1894.812514 439.230001 378.984669 119.021621 229.654432 67.737064 79.299561 184.875682 98.666548 912.561249 143.121642 14.106262 
27.023811 3.206281 8.243341 7.204498 65.897893 32.877338 26.781786 147.916690 186.214795 6.430370 2.795404 0.100606 0.411259 4.472553 0.119653 2.865421 1.175421 3.658390 0.897816 0.782130 4.096440 0.344200 23.274587 0.352656 67.591614 0.423129 22.234143 0.693979 0.135625 0.470667 39.738456 1.359878 411.783159 5.676910 
148.953235 10.187594 34.644011 325.611246 251.166120 160.932266 17.045136 34.263781 10.397456 27.696197 29.686135 300.094314 114.823011 83.495344 245.995782 3.634522 14.424008 
39.516953 16.754291 69.639173 146.844538 2.356637 185.139125 205.850440 116.431572 12.215279 490.702265 229.217960 19.903962 5.876401 13.066121 257.999352 2.948368 1606.182616 321.570850 514.084885 5708.758612 490.246981 
12.194189 30.178090 127.975800 13.560186 24.631300 22.514848 175.103522 103.873141 52.068266 131.217866 14.784458 172.361735 53.766480 136.989916 27.313319 396.493746 102.791631 334.283550 29.152852 137.507949 51.639732 146.959887 331.959842 57.738748 92.954099 595.694068 108.188328 
10.199409 18.829381 0.322641 46.658338 7.101167 6.880387 63.805269 304.105050 12.340043 1.472163 53.567619 5.736455 5.856693 4.857292 80.412872 46.705853 14.641140 85.425193 
50.675660 8.536201 1474.922892 86.715196 157.490963 8360.036077 12.538120 3981.478872 1750.347884 903.223031 219.233940 51.628023 1.768323 15.871046 49.042970 
447.846321 0.768980 6.268253 1431.246396 6366.222904 75.181165 284.032428 1279.034576 97.000879 32.959958 2.709709 1008.821985 64.452627 96.047282 37.132802 158.876087 
37.794305 26.077697 1.167412 15.011036 247.307583 2.893527 3634.415445 511.929218 69.721546 5.655703 1.611889 2.563200 72.854289 71.444438 381.876864 18.422730 864.013830 2.440290 32.681824 235.937395 22.945419 2.892793 227.960922 69.857415 1893.815111 130.437890 1.065563 95.894984 16.478133 6.895785 2.649281 
90.280365 171.658706 2.451447 36.767251 171.124751 154.096822 824.639997 45.355291 93.102723 137.963116 240.246626 56.257614 10.002258 93.344085 1.771216 
19.807933 116.278649 26.887584 19.439301 15.646547 212.801351 12.070232 7.117596 53.366786 715.161431 268.987735 695.534908 298.592999 1.644376 3.197105 98.836368 210.869929 63.945417 391.993316 2.275967 2.477414 1025.531329 74.851994 14.887176 13.801679 
1.826340 3.582659 0.605275 1.118787 1.181029 175.245899 7.462745 0.518350 28.382469 1.750286 37.930217 0.205875 0.891723 12.310497 3.431919 17.495528 1.106627 48.784727 22.781880 6.305208 0.768298 18.689714 4.009670 
7.380578 11.371885 8.159438 46.286075 2.319113 0.202178 5.745351 64.918934 0.914350 0.082457 1.070846 0.413271 4.811881 1.818828 
83.590163 1.284741 2.818937 2.348204 1.530599 0.101610 1.377649 181.999364 25.288673 0.393410 324.417489 53.048016 1.482710 1.474027 6.451993 25.383020 43.749768 16.725801 7.636773 0.229060 4.881549 0.301225 4.528027 
28.312191 156.396885 1892.605112 136.106422 77.132956 111.978844 0.888369 5.999579 225.680531 227.243046 29.333945 57.980399 
0.489953 0.306739 1.035170 114.310537 3.137271 21.065489 3.554354 1.389856 7.354665 0.030037 0.497283 3.476602 54.980856 52.370875 15.033337 
369.012134 6.599987 10.033532 869.421251 6.234579 135.714582 1.190469 72.779961 299.771251 15.044321 21.012412 2.134778 7.384383 145.646533 306.776846 710.069341 9.882086 946.713841 186.181317 133.836178 100.739970 18.143294 766.351437 1.494534 234.602561 19.195421 
47.652887 1552.918723 59.625169 1579.191674 359.111974 4600.752759 192.685518 1954.658673 868.772734 5141.670737 24.057365 86.814543 80.423161 32.939044 14963.810007 
2428.637890 645.401408 60.913427 2254.971495 9811.429186 35.927792 7.317436 1194.990273 35.080768 4850.896053 22.732565 10.145602 46.981210 131.469018 1809.305404 353.162129 7731.625824 3005.894273 
72.663418 869.457046 117.065690 30.556585 98.596096 3.838831 113.838509 0.484979 124.746482 2.252693 351.039224 20.150373 103.258237 322.859883 1220.913221 4.622298 3.973817 
10.274030 3.859327 2.815965 4.629711 0.052940 21.281248 1.353549 0.108485 8.759301 0.117383 13.715213 26.471663 5.763869 34.999076 1.611032 2.981932 
1.421224 11.651503 15.876759 6.401011 5.243229 18.808699 222.932726 111.736013 933.540915 41.010020 4.130022 6.189179 63.404188 71.872917 14.445466 2.310176 22.364838 29.489223 25.174354 3.270352 
302.984216 420.487957 4.170875 14.234433 1371.434801 40.459650 3.719114 2.488119 32.452869 0.271103 19.607238 8.766225 39.210009 242.796182 16.058627 15.511500 
2.011367 395.706535 165.688180 13.319517 36.097090 250.533811 422.386826 240.433992 141.622697 626.637720 408.016271 90.959257 27.325484 12.453216 2.465620 2769.774273 1618.712924 46.800126 99.101547 3.851128 
559.897400 70.745148 64.665020 20.698568 219.262259 97.975363 68.554479 3.454635 66.792426 2.524438 27.370258 43.244235 5.512050 140.149793 1316.647241 503.629035 689.660026 136.710403 0.360850 
892.718951 49.011112 8432.002517 610.484619 59.542658 83.138409 60.426137 2642.261168 39.359293 371.119552 9.903666 662.865336 51.369083 35.335638 820.411466 823.992816 379.699377 277.624203 
19.539255 60.299423 58.817036 86.908887 2.558052 6.282656 51.876257 40.015113 1.248452 57.197856 28.278251 86.797324 17.332095 0.484712 
0.721719 3.433993 3.901791 0.658216 2.114766 7.226241 0.242740 1.166786 8.573572 42.700622 3.377645 13.087117 15.580411 3.215117 1.690618 12.117238 4.184361 1.108874 
76.912061 506.180958 167.266668 273.537946 5.985525 9.720312 10.696104 70.606991 2.608779 
169.249901 3.374058 230.975996 89.629470 32.771149 94.761399 53.244559 10.998390 136.826873 282.349766 197.014259 149.550142 
10.346020 200.431365 111.874019 14.308127 512.786548 355.605345 66.532287 152.487419 181.347123 76.248839 13.223086 18.021606 18.500286 39.955392 10.592923 5.568292 
14.548859 187.935871 43.351119 5.278257 19.828024 58.059785 312.669522 1.474487 10.941938 74.098966 58.940382 54.603119 9.963067 4.193040 13.472590 13.540546 10.628482 1.850827 11.793373 110.585475 
6.031221 7.964082 124.445720 22.574543 49.520118 3.220150 39.228560 95.899287 16.298170 31.244022 3.245804 178.921772 644.329500 94.041627 10.682848 34.607241 
23.875275 240.305265 5.934209 271.168405 11.871403 8.561956 3656.395340 2.298966 253.939793 40.652117 1093.786324 8772.868511 589.600508 258.039951 
39.881072 21.243956 75.553606 44.703908 11.222495 36.852905 256.510287 165.187725 19.858774 111.797480 142.891063 176.044090 33.861246 38.214250 86.252997 
59.439702 12.572243 5363.384721 46.166699 95.587271 1013.948836 67.890148 81.580197 397.966354 77.223361 42.441404 171.050756 11.527972 75.208157 128.417366 713.487861 192.147589 47.074034 685.073944 160.915399 709.510673 340.029003 64.493119 184.106065 29.698668 21.267765 80.203754 60.132086 3737.387160 707.656840 341.085091 823.307079 1.423266 41.275208 57.103679 181.154372 
106.870694 2.762987 2276.123845 92.006945 316.419084 39.958609 36.771955 834.127590 538.978687 
62.564382 240.974832 20.158095 2558.251917 37.895133 1148.694545 826.486397 24.168329 36.190593 53.313148 58.331179 1412.206517 57.798361 210.947129 346.868981 7.306552 239.195092 81.894387 50.132964 42.741330 540.782970 296.562532 407.830194 103.538575 210.867950 105.249365 164.882447 
10.017048 3.218906 574.428223 0.912327 0.551568 440.389464 28.872025 9.437117 440.197467 324.446541 324.421434 124.856992 10.708940 1.212301 8.091357 17.204825 558.882583 52.156809 7.709809 
67.833968 11.473586 45.147149 10.484822 1.395713 2.196524 67.475449 409.743279 163.454408 4.610181 14.603362 14.376995 1.826734 0.797726 1.070074 17.851234 22.460544 13.101589 126.040742 284.626098 18.646711 9.102100 129.689443 28.012011 0.850699 54.316546 169.483438 18.527742 158.550560 5.288668 8.179292 1.561075 6.499584 115.641957 20.289892 
6.250425 0.041480 0.438174 0.213837 10.111444 50.435023 0.532516 17.693118 0.722662 1.706853 7.165164 0.375671 2.795444 0.176605 22.809548 1.078426 6.222273 5.245714 0.577301 
7.167153 1143.439102 391.250187 103.965972 1977.943881 77.505709 135.001104 2.445419 81.070488 5303.226445 41.913118 442.317780 1450.917608 56.569224 
219.024174 13.943435 45.012887 290.108668 13.911212 4.504420 14.654689 86.937248 45.901402 5.441163 21.450444 17.574693 
12.258693 85.998931 55.621582 8.307296 2373.826192 138.293901 49.664098 3.915478 112.949375 73.514194 8.305499 24.065819 271.771523 82.927599 
205.444329 466.412482 24.196155 8.336870 128.809271 301.979729 101.070745 23.818824 14.119673 1110.660943 2868.650922 159.866338 156.343859 247.443817 20.264220 254.075567 113.854703 14.115626 223.825188 21.334226 87.668883 2.971825 19.361849 1567.693433 4663.109873 9.381545 854.124991 4.505844 113.115443 6496.362398 
73.745948 345.328948 708.131060 1166.282742 82.479552 222.085116 35.347323 216.634756 387.698194 55.784164 1320.003463 7014.394359 28.564286 7.319130 198.136858 604.693241 1124.953210 189.075487 10.723545 532.464190 399.064080 109.041528 
