-0.908267 5.914528 -4.354636 6.537492 -1.586914 8.089819 -2.010075 3.754954 -9.376370 5.441202 1.184301 2.073706 8.032041 -7.037719 -4.354810 -5.943378 
-1.516343 -2.027250 -7.397593 5.461765 4.246591 2.581057 -3.073665 0.351818 -8.482470 -9.959207 4.170553 -4.761886 -4.009207 4.501804 5.117833 1.242017 5.076520 -1.445833 -7.406411 -8.611368 0.069332 -0.393056 -2.312247 -7.714930 -2.618524 -0.659838 -5.193159 
-9.756242 4.055240 4.868496 4.367684 -8.422518 -4.985002 4.182453 3.432842 -10.659190 -1.020870 4.317834 0.783638 0.599127 -6.754378 -7.523320 -4.805759 0.420432 -1.566649 -4.224642 -3.470813 -0.884763 -4.198045 
5.914447 0.731673 6.119795 -4.925699 -6.185349 6.941811 7.250216 -1.426340 -2.812566 -6.670048 8.318364 7.594934 -7.372603 2.050491 -7.081523 -3.330468 -1.479386 -7.298996 -8.477604 -7.279589 7.461594 
-1.557607 -4.732943 -4.596776 -0.324029 -8.315454 8.040892 4.859516 -0.576373 -1.592759 7.526449 6.398511 7.326059 
-4.496576 2.235860 7.660229 7.855473 -6.650417 5.690946 -10.648083 -7.732536 -0.400310 -9.420227 -0.172521 
-2.480499 -6.219610 -6.481290 -1.332743 2.209864 5.120301 -3.442781 0.062658 8.319736 0.288285 2.886884 -9.100822 -3.701961 -3.671100 -5.654132 -9.119505 0.736248 1.099408 -1.953078 5.925542 6.394964 -9.321014 4.872321 3.088413 4.105478 2.090260 7.755944 -7.846121 -9.467758 -4.012647 2.940392 0.252057 6.160102 -10.245811 
1.067240 0.596881 -0.553028 -0.343198 8.515653 1.450508 -2.248952 0.499985 6.919333 4.727780 -4.788302 4.269033 7.265651 0.076777 -3.951548 -1.066558 -6.634763 -9.727437 -4.127951 2.978727 3.401316 -5.591182 
8.554821 -4.497282 6.072057 3.707790 -8.138444 -11.495839 6.562830 7.966553 -9.229345 7.636682 -3.989196 4.992852 -10.373888 -2.176065 0.509696 -7.261892 -6.943136 4.696497 -11.026676 -1.521808 6.224052 7.656150 -0.666533 3.032993 -0.890926 -9.790299 -5.097636 -2.723062 -0.402140 -2.313045 -6.475418 
-2.558022 8.536826 -8.301150 -4.757506 -2.797249 -10.162221 1.457591 -0.846219 -3.903733 2.351352 0.321375 -10.005136 7.075345 6.837955 -10.827595 -6.848658 5.797767 3.732840 0.527877 -10.465225 -10.282470 -10.401218 1.646546 
2.362756 -5.176229 -10.163986 -3.434433 -0.184597 -2.653319 -4.367520 -10.740388 -11.069799 7.949767 7.271899 -0.588920 -6.464029 -2.736240 -6.768602 -1.038904 -7.364934 3.082207 2.250518 5.644328 7.834550 -10.737007 -10.458458 6.413083 -3.396260 -9.912686 4.326382 -0.760097 5.473762 -8.584308 4.217893 
0.142060 -7.792261 3.545828 -11.001928 -1.728654 -6.597889 -7.226144 2.999420 -3.955213 -6.738852 -3.222144 -10.566397 5.525848 7.230588 -11.152154 -0.907101 1.168355 
-5.904981 8.300478 -3.873972 -8.078783 -1.181042 -7.447867 5.003116 3.836957 3.258523 -7.904022 -9.321316 3.980741 4.729134 -3.643228 3.630154 3.685915 -3.589444 -8.657564 3.546958 -6.337565 1.843783 -8.672694 -8.647408 4.165944 8.120268 5.031141 5.160182 8.402386 4.635362 -6.710914 3.992985 -9.958218 -7.720143 8.244295 -7.007797 1.007735 0.635703 
5.340770 -8.477797 8.098097 8.325568 -10.768693 0.453849 -4.661698 1.572152 -4.621542 1.337090 6.311122 -7.884270 -5.314865 -3.721321 
-7.482839 -7.292180 -8.338064 -0.061442 -3.589324 -3.872233 -2.512217 4.041247 -0.375500 -0.304681 -11.008459 6.228649 4.928406 -7.562660 -10.330531 3.389067 
-3.319498 6.286564 6.264776 -2.234367 -9.297838 -3.219637 -3.978115 8.058487 7.795653 6.057033 -0.953021 -4.438693 -6.521712 -0.856242 
2.470712 2.185370 -4.433135 -1.598458 -4.195781 4.186274 -3.096567 2.302412 1.233859 7.130199 0.971134 6.990061 2.417684 -4.676680 -2.599548 -7.502764 4.950118 4.926665 0.960838 -10.307423 2.548936 -5.101454 5.401588 2.129358 
-5.014093 -9.825900 8.135531 -5.917266 0.999040 2.840594 8.115914 1.753505 -2.271562 0.294104 -5.572703 -4.784851 5.167243 -0.749111 -3.272995 5.655833 -5.215350 
-2.577754 -3.923934 -4.231485 -0.874387 1.825538 -0.928441 -4.246845 -3.733537 -9.267877 -6.929802 -1.430457 5.717007 -7.390316 -2.958637 -9.774626 -6.879605 4.401814 0.090336 
8.187072 -4.000400 5.108836 3.140573 5.641939 4.989270 -6.674754 7.337089 -9.674093 1.317206 6.613821 -6.889372 6.287854 0.933827 -5.026855 4.105919 
3.801844 -6.358974 1.446139 -2.148260 -7.683315 4.094446 -9.498804 -4.758237 -0.779849 -0.561410 6.315590 7.026280 5.380441 6.335310 1.879254 -4.429733 -11.296690 1.076178 4.808795 7.114243 -7.233760 
-10.399090 -8.349631 -1.499619 -8.003271 -6.063250 2.006663 6.631137 8.164128 -4.485254 -8.191162 2.095371 -4.536477 -9.091294 1.261946 -10.538014 -5.848861 -5.785530 
4.537556 -5.009042 1.079073 1.225004 1.665314 -5.917220 -7.331498 -10.100183 -5.246002 -9.485422 0.240047 8.132895 0.715216 -3.829917 
-3.161850 0.168379 -10.722184 -0.622693 -4.065802 7.320535 -10.184373 1.574182 4.658235 -6.227998 -5.589081 6.319750 -8.186234 -2.644694 -11.031979 -10.836592 3.324813 -5.438680 -2.048717 4.786195 6.468438 3.402637 1.177786 -8.500377 -9.916444 -6.607925 
4.245464 -0.007269 -8.864971 5.238727 -10.226732 -3.429756 -8.456725 -11.279846 -8.360561 4.325091 -8.261906 -4.013582 7.337660 7.228046 -0.575151 5.417154 -8.960306 0.715682 
8.631866 -1.801062 7.066871 7.839657 -0.184301 7.549120 5.758583 -7.831538 -7.004824 5.083868 -8.624629 -5.152233 6.139801 3.102588 -2.659744 -0.401343 -2.124832 -5.721150 4.589348 -0.538110 -7.133206 6.903335 2.169030 -4.899853 -5.558081 8.802936 -2.788993 -1.898901 
-5.512540 -4.481964 -0.636380 0.180228 -10.800171 -7.129509 -2.404773 4.030043 -8.540410 -1.764480 3.998231 1.979848 2.865111 0.844518 3.526970 
-4.719668 1.240005 -1.931488 -4.979638 -3.638051 -6.319095 -4.176079 2.149494 5.303383 -10.555584 4.773190 -7.056448 -0.482089 -6.752161 -3.960395 
1.280715 -7.441351 -2.548820 2.140906 5.487701 -8.890433 -5.645410 3.709410 -6.981583 -9.376208 -2.551656 3.736593 6.685066 -11.041759 -2.882578 -7.550981 7.897390 -4.764363 -6.370789 
-6.751427 6.046244 1.025222 7.427068 0.781000 -9.430209 
-0.789865 -8.263931 7.631427 -3.780596 -10.005143 7.359164 -4.134407 5.957204 
3.129483 7.177741 6.686076 -6.366557 0.593388 5.169031 4.862997 -1.889853 -4.274737 7.741343 -10.155968 5.891999 -2.256242 -5.442384 -8.148675 1.638972 -1.244603 -9.862567 -11.286427 -1.323042 -4.056242 -6.025354 -5.055645 -10.205253 -7.673660 1.494810 3.729136 -1.051404 -8.686033 
-10.789887 5.663761 -5.953019 8.344643 -8.453038 3.762012 -0.432598 -6.815902 -6.466139 -6.070517 2.709238 -1.992169 3.275728 4.673559 -1.741438 0.894305 1.722095 3.711113 
-2.015679 4.445299 -3.939612 1.463419 0.406970 -4.408888 -0.899624 -1.822116 -7.141834 -5.671261 0.575827 -5.975524 4.088158 7.926279 -3.469391 7.883693 
3.669326 -10.026374 -8.987587 -10.581956 0.515469 -4.936827 -4.969796 -1.079366 -4.827270 5.374782 -6.715708 2.704234 1.481342 -4.951704 -5.798848 
6.089968 2.353931 5.482068 8.168757 -10.155842 6.497131 -0.878144 4.007564 -0.236466 0.403770 6.830035 -4.755771 -2.664283 4.758778 -10.468050 -6.979029 6.764363 6.940034 3.126059 -1.192184 -6.250512 -7.708292 -8.125442 3.910926 
-3.345535 7.144431 1.150205 -6.947063 -1.997157 -4.414337 0.391865 1.990740 8.402997 -8.945775 -8.124606 -7.479632 1.715526 -3.449448 -0.437947 6.043567 0.807123 2.626698 0.873833 5.688826 -2.532767 
6.777335 -8.400896 -1.949616 3.526041 -0.570578 -9.696119 7.459365 6.554504 -0.262191 -3.675443 0.647309 -7.114403 -4.433363 -9.593759 -6.597558 -10.066094 -4.862886 -7.480578 
2.785548 5.028132 4.971189 4.381743 7.351675 -9.547032 -5.611586 -0.389974 -3.302013 6.109374 5.711359 -9.195156 -0.501827 3.753457 0.241139 -10.778630 -6.242343 3.142461 -4.437490 -8.567902 -3.579060 -4.082189 
1.242586 -11.552766 -6.293114 -5.330764 2.896102 4.161343 -8.947374 -5.975106 8.033090 -8.108306 6.715340 6.406705 -0.613236 -0.278182 -3.570317 -3.384963 -3.436711 8.000509 
-11.715547 -1.377312 -6.609288 -7.827492 -1.409989 -4.992168 7.692244 -7.580361 -0.225397 -4.816963 1.781851 7.468559 3.770728 -5.746908 
7.495746 -6.546064 4.355817 -10.030415 7.509139 2.108950 3.289901 -6.341142 -8.184276 -9.717676 -10.327714 1.967603 -0.610535 6.356131 -4.147342 6.197204 5.635754 -9.462088 -1.591091 -4.832496 -7.222575 -1.912542 -1.919021 -7.164367 -3.957353 5.093459 8.058169 5.799029 -11.752883 6.196628 6.835698 
-6.760966 -7.989226 7.687293 -3.666693 -0.138772 -0.520368 -0.078514 -3.349289 -7.743849 -5.664659 -9.066907 -9.000991 -4.993015 -7.304366 -0.731577 2.519732 -7.423471 -1.964473 
-9.211344 -3.147607 7.564224 1.608501 -9.015364 -11.227396 3.534766 0.667661 -10.203194 -4.372830 4.248590 -5.536519 
-3.245469 4.150617 -8.957250 -3.270070 -3.841082 8.353612 -10.815850 6.146141 -0.925887 6.927189 5.175522 1.515633 
3.286838 -8.076934 -11.260974 0.210547 1.923867 8.235648 4.359631 4.527080 -2.944845 -5.691291 0.242534 -2.260595 -5.755438 -11.025544 -5.578546 -0.462078 -7.273883 2.901016 2.080231 6.188919 5.312082 -0.234555 -8.108152 -8.202012 -1.170256 -4.433970 -3.710317 -10.889056 
1.796462 -8.031862 0.819358 -9.871991 -6.005263 1.402190 -3.962298 -7.707696 -4.716724 -5.566902 2.287028 2.334509 -5.222671 -9.185395 5.865464 -8.038319 -6.197846 -3.468012 -8.461147 5.040791 2.424515 -1.087015 0.722968 5.293330 1.909108 7.492075 -5.310295 -1.450435 
3.366203 7.739031 -7.937214 1.538694 3.469889 -0.788500 -1.593048 -9.911388 2.800203 0.244266 -7.931765 6.862553 6.218683 -3.047882 7.863076 -3.100837 -5.455983 7.871972 -8.426921 -5.653123 -0.059862 -4.219691 -5.212064 -0.341718 -7.337521 8.364922 -2.666168 6.119591 -3.287675 6.029564 -7.893722 1.622257 -10.031618 -1.683330 -0.510165 
-5.449107 -3.072098 -9.057552 -9.803179 -10.419526 4.243009 -2.908060 -2.012802 -0.256706 3.803087 3.517157 -5.154619 -3.595475 -7.457803 -9.002796 -9.081731 3.149582 3.274797 1.982865 0.990839 -5.820150 3.374541 -10.014130 -3.675547 -9.906777 0.635079 -0.422201 -10.130979 3.496165 7.347627 7.581646 2.233469 -2.723493 6.726139 2.760789 -6.600762 
5.742194 -7.397520 -2.223246 -3.365040 7.132844 -1.561247 6.920060 4.603882 4.915785 7.052021 0.592115 -5.836105 -3.050054 0.083113 -8.325201 -6.218500 5.235417 -4.919904 -0.184690 -9.118843 5.995960 7.663302 -2.389650 -8.074727 -4.258168 -11.666151 -6.883986 
6.423847 6.899365 5.606864 0.823814 6.976874 1.128849 7.843607 1.045178 3.448257 3.707425 -1.818617 3.528144 5.645595 -7.468766 -10.074527 6.836688 1.051203 -1.064743 -11.496896 1.651967 
0.733322 -4.676328 8.099111 -0.070473 -3.412246 -1.306744 1.304307 5.258048 6.171829 2.946702 4.142876 -9.188047 -0.437325 0.448461 -1.905849 3.995892 5.551697 -3.035013 4.192779 -5.265189 1.818331 -10.524829 -4.572336 -9.535455 3.102369 
7.007497 -7.306085 1.398141 -0.728040 -7.526239 1.272194 -0.301378 -7.150605 -7.965224 -4.337001 -7.373828 -10.265126 8.502339 -8.962117 
3.353226 0.643609 -1.026486 -8.070270 -4.736898 2.024458 -2.727459 7.895748 -8.246235 0.818275 -7.295609 -3.345227 1.898414 3.402014 4.669605 -3.937994 1.352588 -1.181127 -3.620650 3.376496 -0.563205 
-1.890078 -0.138495 -1.671404 -9.288701 2.057626 -9.216979 -7.533881 -7.337246 -3.559971 -0.982528 -4.221300 -9.438792 -3.129417 3.961663 
4.557570 -4.829241 -2.556634 4.395424 5.395229 4.565908 -9.731463 7.884482 3.540235 -10.972892 8.555256 8.178605 5.656872 -5.815932 6.244842 -3.735957 1.506413 2.209729 4.692875 -0.720013 8.011363 -2.285345 -5.114623 4.296436 -3.651183 -7.532249 7.877847 4.874124 -5.299180 -5.166902 -7.687444 5.430748 -8.179946 -7.137853 
4.112375 -0.084858 -5.980013 -5.884902 0.841755 -7.027411 -9.572665 -4.741362 6.747104 5.900541 5.443282 -9.427049 7.314306 -3.952958 4.752213 3.026845 3.903226 
-9.103009 8.019042 0.031382 -5.431975 3.154759 -2.902073 -8.501390 -7.391796 -4.031727 -7.130002 5.872337 2.978393 -5.967311 -10.136824 -1.076221 7.905309 -0.137418 -7.901979 4.744873 1.668359 -6.441060 
-3.375992 3.857261 2.832567 3.115128 -4.495819 -0.648029 2.156527 -0.604732 -7.258479 -5.590823 6.790554 -5.881960 -1.400757 -6.236273 5.748124 4.401290 -3.526735 1.580330 -10.007689 -0.314503 -9.572785 -4.428065 2.769338 -3.351186 2.084046 -9.522954 -3.840661 
0.088333 2.774018 -2.484880 8.290221 8.482906 -9.990621 -8.904694 -0.108213 6.941945 -3.494361 -1.716567 2.979924 -0.378079 8.454973 6.044395 6.647358 -3.882118 2.133521 
-2.398507 -6.802601 3.110710 -10.722429 -3.468319 -5.729814 0.192302 -8.175536 -10.002403 -0.025168 5.322483 3.487019 -9.044761 -4.938531 1.509871 
-10.328688 6.900217 -3.682512 -3.404475 5.746456 -4.021210 -10.043388 0.555770 -3.807830 -0.670853 8.079669 -0.906685 6.787351 -1.203908 -2.428006 -10.016893 
-4.751987 -3.644515 -9.239151 4.712659 -10.692070 2.986665 -8.731893 -3.913860 5.025519 -9.561511 0.464614 7.971062 -2.731323 -1.506933 -5.935662 2.921641 4.274868 5.398225 -3.736326 -5.279487 -9.460486 -4.017746 -8.007738 2.651618 3.795173 -2.572248 -6.820018 3.409925 7.086383 -9.008180 -6.213393 
-9.791500 -3.172367 -2.371606 -0.170701 3.867343 1.965043 0.728951 -9.043973 -11.187221 -5.951710 -9.789966 -4.184775 -9.114616 5.825882 -5.832885 
-9.180726 1.127876 6.976121 2.916210 -10.405692 -6.658658 -5.195976 6.967454 6.012658 -10.026089 -2.950863 1.284709 -5.589475 -4.276707 2.505664 2.301304 -9.955121 -9.035978 -2.111791 5.764853 5.044226 5.427878 -8.411001 7.689286 6.296569 
-5.817976 4.206733 -5.069688 1.056335 -9.408906 1.041543 -0.113176 1.829802 8.066313 -6.579515 3.848588 2.615009 -10.312485 1.091248 -6.511132 7.881552 -3.861194 -2.551890 6.092023 2.978760 -8.845301 3.702508 0.728699 
4.553435 -1.399135 -8.889849 -11.420750 6.765306 -0.059116 0.623347 4.497931 -5.484838 0.874954 2.305431 8.587883 5.772134 8.457720 
-2.160733 -0.597045 -4.906163 -4.110494 7.493814 6.712467 -2.139439 -4.633473 -6.425931 7.304580 -2.084163 6.599270 6.943373 -4.652398 -3.481450 -11.257075 -5.186308 -8.109106 5.395798 1.041419 7.750991 5.427186 -3.193523 
2.122476 -4.373787 3.571151 0.508613 6.338001 7.049246 -9.517989 6.573309 -1.525078 5.431554 -0.915703 4.094830 
3.322159 -8.704301 -11.509531 -2.485497 -0.071236 7.957217 5.283740 5.207539 7.946322 -8.913373 5.753428 2.943742 -0.536006 -6.501560 -3.279855 
-4.192731 1.118309 -6.520675 -6.890371 6.197947 -0.679167 6.356396 0.976177 1.211443 -1.807416 -2.040551 1.645852 -5.979374 5.825835 -3.374440 -9.450841 5.174139 -1.914179 -0.011886 0.582243 -8.421444 -7.275570 -4.095833 -9.764085 0.221143 4.989363 
0.472843 -5.010198 7.997675 -7.345955 -8.521620 -7.110344 2.966201 -8.546713 -0.374716 -9.779901 -9.416693 -5.036273 -7.572914 6.787242 -6.270696 
-0.504092 -2.080122 -10.582446 3.444881 6.159843 -5.883379 -4.048579 -1.965503 -11.555231 -1.182765 1.808576 -1.852808 -11.879209 7.403090 -2.998648 -10.408536 -0.900846 1.321913 
3.308910 -2.175981 0.811597 -6.255791 0.837306 4.600159 4.201777 1.903110 7.511080 -8.498734 -8.329656 -10.482710 3.276666 -1.448970 -1.072807 4.334226 -9.106439 
-5.698029 -5.317707 3.199561 1.777599 3.452777 0.889773 -8.617485 -8.819194 -4.034182 -0.041972 -9.686481 3.032217 -10.732700 -1.074858 4.590699 -10.116429 
5.562680 -6.651194 -5.807335 -4.640359 -10.601166 -4.923152 -7.476705 0.395657 4.915531 -7.414516 -9.519618 -9.044366 -0.227988 -2.248695 -8.212498 -10.066512 0.716089 2.169221 -4.012323 -6.221659 
-9.113704 -8.549932 7.977363 -1.232704 -7.001266 -3.258161 -9.354472 -2.954050 -7.596284 -10.426223 3.406673 3.667050 6.262145 -4.741287 6.830653 -0.647495 
-0.723676 -3.825416 -9.679251 3.279743 -2.417135 0.471629 7.324546 4.339256 -3.854891 -6.661329 5.358261 8.021124 -3.965155 -2.301364 -3.688036 4.640933 2.006771 1.789540 3.607101 -1.453472 
-10.647862 5.021609 2.342142 -4.284641 -2.787397 -4.740101 6.868766 3.371256 -9.692544 -0.378363 2.571929 -9.879366 0.234594 -5.268464 -0.968645 -1.101756 -6.848812 -7.012820 -2.850447 
-0.980891 -0.901961 2.197012 7.028880 -0.078189 0.456927 0.458835 -5.280924 -3.260231 -8.553439 -5.870421 -4.658719 4.139869 6.562204 -8.976766 -0.838019 0.124646 3.321828 
-8.002063 -3.756685 -4.456849 -8.634558 -10.398941 -3.493706 0.872873 -4.070005 -1.785331 -7.522548 -4.872357 -10.752910 -0.798225 -4.345411 
-7.394996 -6.809066 1.231541 5.416806 2.943628 -1.049342 -6.067546 2.512890 5.601666 6.731883 -4.269589 0.179039 -10.320013 -0.675346 8.445477 7.724779 -0.772571 -0.236334 
6.387794 8.589008 0.086096 -3.503442 -2.040471 -2.825763 5.179063 3.249055 -3.397094 
5.722805 -9.358803 8.017775 2.394195 -7.580731 -10.353929 -2.555003 -2.940410 -4.728127 -3.072494 1.481027 -4.943931 
-7.021930 8.292412 7.589133 -0.057576 -10.657486 -7.245427 -5.945283 1.438416 -10.340983 -3.447772 -1.438650 7.575558 1.979325 3.272418 8.667914 -5.435391 
2.397054 2.405783 -9.402762 -0.291835 -0.913760 5.249490 1.946568 -5.995041 -9.323209 6.442144 -1.477065 5.971936 -5.840117 2.636124 -9.004424 -10.437895 -1.176404 -2.798047 2.746336 -4.607622 
-4.175928 4.214350 -5.542751 -0.541588 6.083671 4.561877 6.012707 -4.631074 -10.633352 3.925939 -10.773305 1.546831 -2.052139 -0.958292 5.971510 6.428451 
-1.217503 6.625017 -4.298250 -6.663794 -1.242923 0.046216 -5.820035 6.401263 -3.710762 8.398155 1.432441 3.408954 -10.741774 -8.375138 
0.398270 6.491858 -8.327410 3.413495 -6.444772 -8.726514 -1.705567 -1.071784 -7.590580 -3.667485 -10.628779 -6.793296 6.049819 0.035024 6.016407 
8.654510 -8.327832 0.049912 5.179818 -2.506701 -2.697662 6.071945 -1.924199 5.997252 8.084271 2.406898 2.804113 -7.074498 -8.551704 -9.936518 6.612615 2.085751 -1.303020 -2.674847 7.030954 -2.302822 0.005834 0.172801 -9.419529 4.617123 -6.581490 4.422821 -2.105410 -6.407427 8.480867 3.343233 -7.671483 7.911364 -3.544282 -9.558989 -10.055806 
-5.164081 -6.815974 0.058990 -4.718152 3.095244 -2.075845 2.638066 -3.559430 -6.118645 
3.537273 -5.758334 3.728439 0.361855 4.410470 4.361344 8.106563 6.191567 -1.438136 0.819081 -11.628592 7.874817 0.962665 0.750720 -9.550699 -3.540187 -9.763114 8.174607 7.110166 -5.779648 -5.034533 3.394112 1.826995 2.010939 -5.286714 4.835751 -5.112942 
-8.402232 3.059627 6.444565 0.896617 -4.811654 5.521171 -1.869235 -1.347423 -8.853811 1.781841 -4.860931 -3.592709 -7.659650 -0.255480 -6.803056 -3.898533 -9.245119 -7.585356 7.786774 
-8.362319 -2.512572 -9.233200 -3.081737 -1.958205 2.890931 8.078356 -7.013845 -8.290131 -2.292025 -4.992008 -4.823310 -10.857297 7.962322 6.903040 -1.657534 -2.362705 7.737585 -8.264500 -8.502469 0.045796 -11.033918 -9.467360 1.773119 -6.682277 -7.106554 -7.497635 -5.119496 -2.826505 -5.397279 -3.523212 6.801389 0.116711 5.495490 -2.205470 
-7.414472 1.375113 -4.165382 -6.441661 -5.465031 -3.537161 0.688194 4.326446 7.567499 -7.244425 -7.324698 7.011135 -1.854031 -5.507699 -4.124485 0.968696 -2.782592 5.348024 5.221135 
-4.375354 1.817297 0.742695 1.065773 4.070119 5.125516 3.091902 -9.263356 6.637929 2.746114 -4.459783 -10.299205 0.485125 -10.155743 
1.522426 -8.812611 3.017282 6.205162 3.997792 3.191144 5.217215 5.819985 3.680360 -9.869380 5.374407 7.261229 
-2.926851 -6.245973 -1.891866 5.460371 -3.274461 2.186168 1.766565 -0.627689 4.731627 -8.311696 -5.733215 6.584618 7.356364 -7.152410 
-0.701636 -4.226836 -4.485190 -9.653293 8.690279 -2.539433 0.337327 -9.148460 -1.784514 -0.105073 -6.793217 1.791221 5.457320 -6.700205 -4.002657 -7.234042 7.481476 -7.183197 -9.726912 3.116658 7.238485 5.617399 -3.924744 -10.115272 -4.851594 -1.276748 -3.286849 -7.214133 -5.263882 -4.492779 
-0.824803 -8.772514 -5.138815 -3.521314 -1.832332 5.283803 -4.999865 -0.186276 2.360490 5.664930 4.974871 3.221979 0.302217 -8.721451 -6.912875 8.390007 5.289487 -7.570592 6.891730 -4.754291 -3.044657 -7.128713 
