-2.801391 -10.350595 -7.862674 5.060574 -0.011944 -8.955020 -0.158822 3.624165 -8.557280 -9.895133 -9.793696 4.033064 -5.370187 -1.551711 4.253778 -6.506309 1.445291 -8.440164 3.774446 -7.839310 2.128494 4.122721 -9.637387 
-8.347857 1.279292 1.941098 -4.929079 -5.124805 5.913738 -0.682011 -4.183634 -6.888277 
5.295125 -6.249367 7.944375 -7.441680 -1.379433 5.507231 -11.258630 8.357442 -0.481471 5.686263 4.779683 -6.677271 -2.990119 -1.360397 -5.548481 -4.309129 5.331775 6.385772 -1.423516 -0.459483 -10.552420 -4.245575 -1.622922 -7.752431 4.224826 -1.871764 -9.354482 -9.793564 -9.544905 
-1.062125 -11.078216 -9.514326 8.649887 -1.815895 -4.929766 -0.610982 2.980390 1.612789 6.645878 -7.711455 -5.740687 6.745179 -5.285069 7.347865 -5.489757 7.127513 
2.854927 1.517111 4.348269 1.457096 -5.691813 -4.663081 -0.243548 5.650238 4.179931 3.405954 -1.150500 -2.540954 2.213968 -1.969431 5.074636 5.675027 -10.231093 6.587311 -5.564175 -8.565878 -3.813494 5.154040 -0.089743 -9.865568 -9.092211 -1.546240 -5.179998 -7.580276 -2.480887 2.275796 -9.653456 
-1.267276 3.401237 -7.766615 6.609530 -9.957086 -5.240792 2.829447 8.321629 -6.225511 -6.389972 -2.483309 -1.511573 -3.596767 8.159257 -0.679149 -10.211734 -9.506743 -2.554038 -6.518902 
-1.063232 -8.521029 -6.999570 -9.084327 -5.334323 -9.875647 -7.730387 1.061503 5.097447 -2.951888 5.358170 0.758812 -8.925037 3.035628 -9.598676 
-5.303356 -0.179078 7.383734 -1.072240 5.193191 -3.781012 0.044464 5.021856 4.838489 -5.205764 4.907297 2.132571 1.487897 -1.661309 2.520786 4.776820 -6.439047 5.548580 0.858141 -6.369819 5.980647 
-5.628631 -10.242821 -8.226365 5.451090 8.179307 -3.468622 -6.385643 -7.912494 -8.293257 -1.042357 7.796956 -6.523140 -5.512434 4.734674 -3.514809 -9.535041 -3.991098 5.012743 1.564736 2.085717 4.007903 0.487296 
-2.737112 5.711333 2.124658 -1.742510 -9.079673 4.601753 0.754974 -10.724299 3.010364 -9.793635 6.180733 -1.018476 -2.607019 -6.329926 3.927241 -6.460498 0.873035 0.623589 -5.039900 
-6.129582 -4.834171 -6.590200 -2.019823 -6.303501 8.495884 -9.959964 -2.067729 -5.941622 -0.193754 -1.145512 -4.423437 7.439967 6.438281 8.518389 -9.028874 6.883188 1.461464 
6.861278 0.617348 -6.832863 0.093126 5.686125 2.395815 -5.345677 -10.895499 -2.796100 2.745791 -4.033405 3.315589 -9.049236 
2.960701 -1.711533 2.972499 -8.123059 3.674355 3.967753 -3.079475 3.100215 -9.191014 1.504269 -8.710112 0.550674 4.012376 -3.792429 -2.903376 -6.359235 
-7.147739 3.639048 -10.731124 0.758255 -2.212221 -1.543111 -0.642599 -9.712330 -10.288171 1.423114 -1.300398 1.865185 -11.041535 8.137191 -2.626796 5.070406 -2.236907 3.463918 
-6.907313 -2.187299 8.657009 1.546546 -4.192450 -9.890000 4.667118 -8.467416 -5.299867 0.115961 -2.174244 -2.425143 1.215971 -6.711801 0.642373 0.688768 1.609583 -4.548849 2.866820 5.096846 -4.623188 5.612662 -5.308213 -2.464573 4.601600 -3.563440 -9.141154 1.905944 7.025089 -3.617861 1.626649 4.941695 6.569093 -9.163324 -5.063813 -0.574474 4.482417 7.334231 -3.006138 -0.493299 
-6.528500 6.570446 0.083846 0.111148 0.263312 -3.667576 -10.516727 8.090276 
-3.385135 -6.500966 2.775489 4.473915 7.872411 -11.931700 -10.518508 -5.266322 -8.644328 1.662382 -10.176818 -11.595763 -0.983058 -2.025348 -7.578109 -6.727239 2.005564 
4.953145 -2.411117 -8.946430 -5.328194 -1.291664 4.426737 6.663729 1.347446 -2.118297 -9.766808 -8.765452 -10.187946 3.211143 4.139715 7.547815 -11.035903 4.562501 -9.681423 -2.173978 1.565376 -8.221141 -10.740242 8.257067 -4.773680 3.804363 -0.466071 2.911974 
7.067530 1.245929 -4.530873 -4.081394 -11.663719 -4.306188 -2.230738 -2.189946 3.225767 -1.423622 -8.457196 6.383464 4.591878 -3.964945 6.032502 -1.125640 -4.188289 4.649444 2.901818 -6.256579 -5.543910 -0.662896 -5.751775 8.039442 -7.184662 -0.006432 4.734962 1.779683 -5.734644 
-9.526430 1.571177 -9.942030 -2.441958 -2.934830 5.628819 -5.940020 -3.565899 3.583125 -3.957395 0.747944 -9.817358 -8.239375 -1.498832 -2.044829 -2.322826 -11.288989 -0.140571 
-0.948026 -10.128115 -6.439698 7.227729 5.529736 -3.929534 5.524801 -8.892642 5.041276 -5.975808 -9.149130 1.900690 1.185504 -6.706694 -4.219358 
-2.471077 -5.431331 -6.138669 7.174500 0.213015 -2.375560 
1.371198 -6.486244 0.655881 -5.780457 -0.706217 0.628053 -8.344316 4.020524 2.111823 4.371008 -7.103684 2.670284 2.935233 1.452681 -5.643828 2.944366 
1.504345 -4.879677 -5.329415 -5.671011 -10.498573 -7.379047 4.003889 4.174848 -4.699901 0.398095 1.248332 6.423558 -8.004092 2.218864 -8.001654 -2.114560 
-7.172102 -2.955043 -3.037785 0.625512 0.286803 -5.363782 -6.843793 6.154915 8.169777 -6.611453 -0.065233 3.898489 -7.502394 -2.919122 -6.208452 -7.545892 8.499990 -8.676916 -6.118698 -8.603946 7.213011 -8.431811 -1.761327 7.654625 7.487150 8.815320 -10.732203 6.567187 1.172411 
-4.380924 -8.265954 -0.088482 7.976845 1.671639 -1.313269 -10.396001 -7.792203 -3.841238 -0.472631 8.264495 2.205196 -5.636538 2.720458 1.557719 -0.878004 
-9.347434 -6.766411 -10.569309 -8.058785 -8.313612 -7.022864 0.850809 -8.313750 4.540877 3.012060 -6.458811 -1.182611 7.865367 4.065874 8.290471 
1.579126 1.371404 -11.355416 -3.131438 -11.065063 -1.792539 -5.849942 -9.811546 -2.387462 3.912085 -2.259499 -1.062020 -5.682612 -2.565905 -6.855320 6.465993 -5.854896 1.760082 -8.289977 4.750720 0.450741 -3.519091 -0.409084 
-8.043837 -8.683523 1.404031 -6.058150 -3.797701 -6.283999 -6.637918 1.206147 3.212540 -0.302985 1.781766 6.811007 -2.586672 -9.690329 -11.414402 0.424876 0.300677 1.920928 
-5.727681 -8.582240 -10.789694 -0.252930 6.460737 5.146906 -4.085393 -1.041100 -7.550380 
3.268013 -4.528882 8.415021 -11.925661 7.104584 -4.612358 -7.552303 -6.705631 -3.802046 1.371557 2.789469 0.049286 -5.717263 -8.243050 4.177353 8.382718 3.127340 0.902197 -9.176932 -3.017019 -6.941625 2.525297 0.125153 -10.164600 -7.686202 -7.939174 2.026665 
-3.952115 4.876280 -7.598272 -2.374873 -6.674953 -0.043835 2.680988 0.359585 -1.351021 -7.047357 -6.375731 -2.830649 2.952006 -5.467906 5.781739 0.985965 -4.711323 -1.279599 -9.536844 5.244390 -7.389429 3.123293 1.122112 5.596420 4.069279 -11.181029 
-7.670937 -2.698570 -6.751016 8.484264 5.677353 -4.116916 -7.557030 -10.405598 0.473248 7.592754 3.477906 -4.041819 1.199321 -1.581257 -3.718502 -1.411836 6.504520 7.342928 -11.918147 2.643132 -4.006790 -5.643388 3.136747 0.213881 -3.014559 
-9.572211 0.130296 -7.389214 -2.215329 7.278796 3.489189 -7.318586 6.550074 7.338612 -8.479616 -2.639232 
-5.466887 -7.908959 1.327723 -2.689031 6.158213 -9.063878 5.626088 1.693726 -6.164431 2.673286 -0.083821 -4.152366 5.073082 1.512927 -6.855975 -9.432752 3.360468 5.798085 0.401615 4.692818 
4.473367 -11.331671 -2.059116 -3.786923 -10.286090 -0.136466 8.186385 1.316047 -5.895018 1.563823 -4.483220 -7.416803 
-3.406741 -8.804535 -4.666099 2.791879 -0.382785 -3.089850 -3.801107 -7.618301 -6.209429 1.534860 6.352955 -2.770367 2.653314 3.590075 0.245377 
3.176532 -7.717520 -5.629776 6.555237 2.710040 -6.781415 -3.044838 -1.856527 5.890438 8.020479 -0.822563 -9.188299 8.167887 3.864955 -2.522179 -5.883614 -10.130720 3.471878 3.899471 -8.737326 -7.421911 4.230094 5.030867 
4.993792 -8.165720 4.930690 -10.487132 -0.326883 6.746988 -1.217511 -0.833361 2.508124 -7.115659 6.668638 -10.943024 -3.609381 
-4.459953 -2.691725 3.008466 -8.252167 -10.128687 6.124035 6.508548 3.956401 -1.744942 -3.086152 5.382333 -2.496752 -1.830075 -8.340755 -4.180238 8.137462 2.716129 8.165389 -2.542205 -4.270035 -5.894646 -4.900894 -6.464000 -10.243845 6.514780 -5.305411 5.036600 -6.582720 -3.456088 4.466277 -6.721662 -8.763808 3.344333 -1.246681 -3.005644 
3.274188 -7.799495 1.895509 3.607618 -1.375267 1.016481 5.982992 -9.403361 -10.199736 -10.505907 -3.235697 5.802306 
2.547568 5.968712 3.397489 5.675189 5.289383 4.639733 8.484352 -0.546424 -10.013397 1.366220 4.116063 -6.958126 2.762021 -6.566858 -4.277856 3.897055 1.481422 -0.338465 
-7.648242 0.862026 -6.335332 -3.017193 5.272881 4.960169 4.822085 -6.215100 8.005479 -3.373584 -1.842244 -1.474658 -1.184368 0.744464 -10.031570 4.201398 -6.981236 -7.504185 5.983412 -9.510075 -10.172212 -6.074257 2.217039 -9.375462 
-5.392887 -2.978360 0.604653 3.956416 -6.946536 -11.655521 -11.295286 6.687037 6.597357 -3.748728 -9.206867 5.768467 5.578061 -10.473800 4.071720 1.380449 7.541464 -3.515407 -2.654839 -10.230530 -3.830990 4.341685 7.115774 8.633060 -8.781946 -1.144517 -7.965462 1.722280 
-1.797031 -9.450622 -9.039276 3.295978 1.009195 -7.364313 -3.855340 1.271272 -3.704566 2.382551 
7.525964 -6.859690 -4.163468 -5.479739 -10.250419 -6.705485 -1.832891 -3.364032 -7.911985 6.626140 6.677654 -1.040282 -5.427105 -8.397563 -1.030397 2.008603 -10.028826 
-10.340391 4.169824 -10.566366 -0.857179 -10.100526 -10.592742 -0.628815 4.225122 -3.059748 -5.237067 -1.149527 -11.007131 -11.900203 -9.593083 -3.192764 3.778726 -10.616772 7.543588 -2.166823 5.887595 
-7.772962 1.015429 -6.627311 -2.197291 3.728717 -1.663473 -8.808419 -6.969903 -10.222825 6.297621 -1.378135 -1.347626 5.247085 -6.101563 3.205568 -5.728415 -10.425802 6.665253 7.954569 6.832617 
-8.011901 -4.934310 6.101528 -3.782843 5.311795 -8.676942 -2.878422 -5.101736 -4.563852 -3.009776 -4.302410 -1.665506 2.273681 -6.078589 6.357320 -9.929727 5.999199 -3.019589 -6.418245 1.823475 -6.983341 -8.171217 
-0.567443 -4.165582 -0.017294 3.201108 -8.119990 6.104872 5.826110 2.777927 -7.210738 -2.892047 5.394157 -9.604204 -9.806021 0.790965 -3.960227 6.325752 -1.210640 
-8.549235 -9.979809 -11.436977 -8.775173 -7.760595 2.260340 -5.546788 5.475210 6.429145 -3.704882 0.604069 5.758998 -2.333359 0.834710 -5.132544 2.297291 -8.744443 4.286419 5.326241 1.429149 -9.552141 -0.824539 7.548298 
-0.179682 2.171655 -8.103624 2.433556 4.654206 4.794107 -5.959463 -7.818691 4.550960 -5.873485 4.276892 5.049665 -2.104019 -10.200018 6.253100 2.252932 -10.180324 -9.897168 6.736984 5.628140 4.859328 7.423646 -3.948782 
-0.959233 -2.253740 8.028819 6.635143 3.212880 5.907327 7.025471 5.463345 8.519345 -1.931716 -8.899097 -9.402498 -10.916690 -1.801839 -4.188295 -8.601010 -9.187540 -2.436723 -7.478312 -10.050340 -4.426207 1.178152 -9.449681 -9.468522 
2.033141 -8.015755 -10.240185 1.310223 -4.120076 -2.384153 7.797530 -8.364427 -0.456281 7.175788 -9.518562 -7.203149 -0.762922 7.005776 -3.062933 1.032979 -2.838608 -4.387984 -2.222136 -1.231348 2.553913 
4.629337 -6.296660 -6.627615 -8.238779 8.705559 4.309770 -6.896724 5.692105 5.914172 -6.975786 4.170548 -7.409459 4.714239 8.288781 0.960414 3.192380 3.715109 -6.802054 3.065146 1.820338 4.893514 -5.121073 -0.447861 0.556984 -9.653519 -9.826578 3.851404 6.513991 5.959526 -8.825449 -9.964798 -10.542032 
2.717203 1.555043 -8.299807 2.848834 5.851040 1.564541 -5.853452 0.490027 3.242147 6.593886 -3.882871 -6.519553 -7.087018 7.471499 6.017490 -4.271278 -1.180208 -5.681190 3.763569 3.571036 1.892790 5.388242 7.482265 -8.973115 5.580809 -2.102834 6.251049 -3.263795 4.777879 -2.689861 -6.500995 
-4.659588 1.125632 5.611067 -3.100881 -8.046100 -2.090449 -9.771854 -0.578548 -2.007496 5.865797 6.620787 -10.949980 1.202056 -5.856912 6.767123 7.636090 -1.996833 2.234161 -9.224582 -9.033770 6.057772 2.163032 5.447623 
4.533680 -8.797971 -0.921234 -6.643457 -8.822751 2.783364 2.435452 -0.570005 -10.394977 2.855675 -7.424908 -4.294882 -9.399305 -8.037247 -3.590485 -3.051758 -4.561842 0.660345 
1.976161 -1.842362 -3.219295 -0.435293 -8.572415 4.132278 -1.404614 4.713921 4.997272 
-8.294013 -8.507325 -5.545567 -5.862635 -6.157883 0.812967 0.180264 6.952401 -4.907192 5.994242 1.366161 -8.260560 3.437683 -7.048487 0.344279 
4.913204 4.040835 0.734956 6.932153 -10.062344 -6.305680 2.147093 -0.674333 1.986025 
-10.842578 1.056996 -10.457813 3.182829 -6.533733 -1.484736 6.714598 -3.403202 -0.927731 -9.393829 -8.121565 -6.220945 0.297003 4.532021 4.502046 5.005713 -8.513190 -0.928062 -8.160308 -3.534483 -2.856862 -2.795087 -3.845095 2.016265 7.360132 -5.742762 -9.263473 6.568727 7.347493 -0.629637 3.818937 -0.363540 
-3.598883 -8.276846 7.417391 -8.735985 -3.520359 0.980315 -10.089579 2.364954 3.764801 2.134925 -10.076036 1.910112 6.558862 -5.671157 7.947388 -1.580126 5.378952 1.895692 1.830427 -5.196889 -6.318075 -4.899897 5.548103 -0.074485 -9.426141 -5.593621 0.068900 5.935446 0.781656 3.830271 
-4.083753 4.189274 -1.417746 -6.546912 -8.520003 -2.267122 0.019206 -10.556568 -7.526499 -6.415707 2.478752 -8.571627 -1.664614 7.208500 4.088613 
-7.502528 -8.007345 -1.297033 -8.705961 -6.801441 -2.333982 -6.923860 -7.359361 -8.259474 -9.130610 5.251776 8.015991 3.947908 5.355216 -7.434906 2.096324 
5.374853 2.966488 -4.956928 -0.387379 5.158989 -9.027455 7.391379 6.126862 -8.260084 -5.342660 -6.417771 1.549146 -2.545840 5.357102 -10.975252 7.643424 -1.645398 
2.780352 3.604241 -4.993986 2.476295 -7.980704 -6.728456 -4.342947 0.566695 0.248483 3.681439 7.637336 -7.848845 -9.520470 
-5.415287 -9.195150 -1.026247 -5.054516 0.664146 4.023073 -2.142267 -7.811573 -10.555113 -0.892673 3.978772 -9.231406 -0.996368 0.431265 6.658979 -4.489027 -4.743995 0.627845 -7.496844 -10.140486 -6.977244 5.639528 
-3.741534 4.621934 -4.994068 -3.202724 -3.946276 -6.622960 -7.782806 -10.389177 
-8.979244 -3.187829 -5.814446 1.124205 -8.167581 2.449575 1.712857 1.960745 -3.480588 
5.659216 -4.969044 2.998441 6.443629 -11.426498 -3.011546 -3.011984 -7.038526 7.600867 -4.612698 6.916354 -9.116512 -2.644948 1.425905 
1.507021 -0.475200 -3.968980 1.030480 -10.301737 0.298469 -11.272724 -11.182413 -1.723676 -9.356671 5.062164 -2.405285 -0.204461 1.354801 1.461496 7.872876 7.701896 -11.900174 -4.926148 -3.826197 4.921466 -11.637338 2.129719 -2.646804 -9.876029 -4.931006 -7.253476 0.543916 -7.464423 5.645403 -8.956277 -6.852483 -4.953341 
8.329922 -4.322729 -1.197579 8.063051 -5.032340 -4.849735 -0.375901 4.554516 -6.272678 1.117969 -0.690983 7.334425 -6.677703 -4.551055 -7.691861 2.165608 -0.563129 
3.748694 3.607936 -5.982587 -7.907397 -9.348474 -3.349753 -6.145501 4.140508 -5.419612 6.755281 7.569740 -9.402129 -8.402446 -9.725908 0.910579 -4.118281 1.970261 -4.880433 5.451999 1.629359 3.267223 3.418425 
-10.071995 -4.087767 0.465474 -1.496949 -0.687247 -4.043693 -0.845725 -7.978684 8.447039 -8.813003 -7.742828 -7.967578 0.913697 1.297840 -9.475144 0.155628 -8.628660 -3.067220 -4.273045 0.044613 -5.501233 8.096756 -0.105468 -10.235029 -10.205131 -3.205163 8.134154 3.684853 -5.133950 -8.789505 -10.436338 -10.880375 -6.729589 5.219436 -5.241723 -5.428442 -9.003445 7.175898 -4.354602 -2.696444 
3.459290 7.490560 -2.835461 -0.102972 0.771462 2.347983 1.507563 -0.578563 -4.229971 6.357164 3.269310 8.587591 3.464056 -10.749303 -10.088057 -3.271034 -10.559043 -8.085623 -5.504394 -8.269254 
-10.477511 -8.999407 -11.090027 -2.820668 -1.438070 3.841152 -5.271692 -7.697683 -7.757974 -9.029783 -8.961830 -10.115047 4.833277 -2.474120 0.352848 -5.396556 -10.636437 0.958648 0.008452 3.235345 -3.748542 
-2.716269 7.921654 -8.129304 1.014763 -10.627403 -6.106586 -9.929585 -3.863314 5.717771 5.343767 -8.106800 -3.789198 -6.358624 6.438573 5.599628 -10.645686 7.587870 -6.127071 -3.649101 -11.317086 
-3.648101 -1.826706 -8.220497 -1.218869 8.189998 1.121774 -0.913685 0.700755 -0.623858 -6.492716 -6.957342 7.325126 5.414695 2.558150 
-3.370713 3.481406 -4.960045 7.662329 2.769443 -5.744050 -9.499146 6.874465 -10.028091 -9.139774 6.008585 -4.181481 6.308668 3.839474 5.248121 4.319483 -9.076855 4.768378 -2.801361 
-6.519926 1.482771 -5.960109 -4.637259 6.358827 -4.396449 -11.319921 -6.523122 -9.270609 1.071976 1.395697 -8.596190 0.467467 0.069616 1.845768 -4.368702 
1.034892 -5.777627 3.226495 7.896259 -4.215560 -6.622115 5.478902 1.679103 6.227661 -4.097933 -2.248351 1.735845 4.208020 -1.945636 6.998166 -0.183530 -8.367439 7.377505 
-1.893514 -0.926047 0.525440 5.847628 5.956269 4.434497 -8.734062 -4.531917 1.980508 -5.623460 0.332786 0.752276 4.881517 
1.213222 -6.244847 -2.777727 -7.055010 -10.497669 -1.509875 -4.587504 -9.293816 -5.794009 2.971146 -5.106982 0.903992 -4.338954 -6.093493 -8.661867 3.859376 -7.357956 3.544457 3.814912 -8.808478 -5.447897 2.323535 
8.813834 2.160835 -0.118179 -10.301171 -6.456407 3.176732 -6.361417 -4.284495 8.291260 -8.780222 -11.685480 4.771080 2.093503 7.607696 0.150452 3.109120 -0.387987 0.631155 1.453634 
-3.570288 2.555152 -8.126809 -10.057435 4.442647 -6.811402 -4.942480 -1.235239 -0.478663 -1.791585 -1.932662 -4.290588 7.733602 -4.255649 -9.860343 2.721075 
-8.756399 -7.788389 -3.197434 -4.257180 1.169638 7.688426 -8.383810 -3.384021 5.372984 2.720284 2.684796 -10.197086 -8.808849 -2.266283 6.107885 6.035968 -8.494473 -2.508469 1.184058 -5.421455 -2.973148 -5.169514 1.722733 7.035168 6.048517 2.088232 
-3.428028 -7.013091 1.939526 7.003205 5.857746 3.445030 3.030471 -3.386512 -8.677434 -9.887183 7.712645 -1.424205 7.011807 6.253897 4.463618 7.235618 2.276868 -0.350354 0.874072 
2.648961 -4.511441 -1.507250 -4.503244 -1.548767 -5.026693 3.308347 -1.761621 -3.015703 
-7.842093 -5.637432 -7.322860 5.058292 -8.123732 -1.413353 -4.094560 8.012746 -4.278403 -3.352480 2.758851 -9.478331 -0.681737 -2.968323 6.522574 0.564667 
-3.860460 -8.966500 -5.293596 -2.069771 6.254135 -6.727283 -11.242436 -7.475182 -3.306789 4.841158 3.479586 -6.560344 7.063119 2.175054 6.782331 8.129510 -10.032647 6.677668 
-7.321867 1.922856 6.908706 5.359260 7.669093 -9.572865 -0.482969 7.068980 -4.937661 -1.537921 4.002146 -4.111766 
-10.029811 -0.363055 6.730141 6.125923 8.314369 -7.798508 -4.426068 -5.097911 -10.673095 4.729046 6.123223 2.066518 -10.912651 4.173747 -2.134525 -6.192799 -0.912781 3.626285 -2.811805 -2.198482 -0.827956 4.017019 6.065206 
0.877081 6.572851 -7.011373 -3.524609 -7.398269 -1.727100 -6.052709 -4.801835 -9.468904 -11.132887 -5.974300 -10.012937 4.341751 1.732857 
-5.067800 3.869112 6.768951 -4.536902 1.220658 4.734269 -0.399997 5.523559 -10.912812 4.331977 -2.208621 -10.210860 -1.618247 -10.139617 2.395708 
-7.191785 -9.758490 -3.960966 -0.858235 -7.900600 5.232132 
-4.797259 -6.746917 -7.293533 7.048849 8.459274 3.469704 -3.033839 -6.397909 -7.448354 -8.066446 -3.064935 -5.078593 2.063011 -7.219856 4.234399 -2.619941 4.685548 
-2.512777 0.424431 4.132358 -8.389780 4.856161 7.146243 0.199211 -9.653150 -7.431334 -3.183082 -1.142732 -7.372630 -2.012432 3.548157 -4.474431 7.403152 4.689515 -6.543609 5.624082 -1.814565 -5.989606 7.758679 -0.335247 -8.236438 3.558750 
-6.469281 -9.143480 0.380671 7.467635 -7.792206 -1.681374 3.132044 8.421945 -7.493219 -6.097302 -0.852293 0.855289 5.383719 -2.280488 3.191374 -6.899481 7.158151 7.482822 1.742706 3.398300 
5.548507 -9.754861 -0.397853 -4.950115 -1.386092 -5.188687 -2.157464 -0.165480 -6.984173 2.096453 -4.042287 -5.534456 -2.302811 -11.151859 6.482250 -10.317396 -11.455763 -5.216743 2.329953 
