120.132258 116.905354 136.070295 104.214572 136.934277 101.007799 123.784568 127.839892 134.104509 133.212279 110.782493 125.800835 136.292673 105.192255 126.379387 93.843180 
135.233922 97.176714 106.450778 136.551748 128.326339 100.303994 125.692982 131.116580 107.416650 118.649329 128.190420 123.987144 94.973269 100.009837 101.076393 135.571607 94.536685 103.088063 107.776691 121.654298 106.791594 111.124135 135.661405 104.832863 112.546439 128.401407 102.687116 
124.332030 94.919601 128.048831 119.135224 127.467369 96.700382 99.526880 112.551010 108.302345 103.200828 97.531279 122.057975 100.962129 109.562197 128.281306 115.067046 108.983731 99.131339 121.032998 95.840200 124.026394 115.890779 
124.667764 101.009307 97.768388 106.882065 99.491327 110.380817 93.554342 106.589546 95.583659 94.539612 118.328709 124.048206 105.452516 104.106671 134.767642 134.193203 100.814780 128.851449 123.975202 94.838468 125.170681 
103.480900 93.464362 114.407810 122.818305 118.879887 126.116314 136.391315 130.119353 101.315262 121.371927 117.766397 135.841687 
107.766811 114.656178 123.253417 102.944199 123.071329 93.666486 112.637793 124.227427 127.550863 125.808327 118.070711 
117.722308 133.123733 134.872807 95.764438 116.952918 100.341015 104.165611 114.391942 106.179458 130.876754 121.937050 135.770518 134.717596 119.842300 113.623688 132.144732 129.338887 116.584413 111.306528 125.763618 131.544794 122.060997 97.028510 128.851883 125.981749 100.577068 95.717599 100.235921 110.341147 106.857916 128.049907 134.029224 126.305722 104.154402 
102.402906 109.251753 128.930852 127.110658 111.481632 108.014418 128.759876 118.527444 106.609966 99.039770 132.179307 107.501466 124.417815 115.562286 135.922355 121.990218 96.442322 117.716014 116.784460 102.503416 134.235281 117.970228 
94.883397 121.114370 121.943990 99.593378 117.170421 134.643729 118.976969 97.298840 111.284659 122.666964 133.991714 97.412892 123.535103 104.555513 118.318318 126.923381 129.372667 103.983583 127.937241 97.259152 118.090218 106.924640 103.102237 112.644820 128.598903 102.574368 106.647720 119.121838 108.035699 128.673492 96.285189 
115.894509 110.538360 108.036810 122.095597 109.018385 96.170550 134.959628 110.072609 107.940697 129.827345 123.267706 94.113469 99.532349 105.519174 114.897561 98.906933 131.554777 122.111956 134.573881 112.132587 128.936456 125.888631 101.840567 
98.114001 110.606653 106.527276 121.265581 114.404983 121.704658 125.373666 119.806424 118.000214 129.015182 136.631485 119.776751 100.762746 94.806127 108.739568 105.540551 133.980014 104.779160 102.831249 130.339183 121.580128 137.313523 136.633351 110.534015 133.050321 108.306013 101.492074 113.963559 130.514104 95.581872 109.391868 
94.883186 118.637119 109.782784 121.281527 97.457935 98.823494 115.950991 135.395948 105.701462 130.846146 137.152270 131.269777 104.582818 109.488973 134.390422 120.738305 116.789293 
136.266823 94.976293 136.822260 129.067002 137.137172 100.222388 113.708392 135.375210 118.395161 115.528579 133.473766 117.139274 94.101513 95.692074 136.761611 103.938889 123.481324 109.247432 97.852514 132.258460 124.668109 127.853164 110.731530 121.705793 106.421582 110.243148 106.187262 105.287689 112.969809 110.088396 106.160004 104.342619 130.925716 133.628529 102.777626 133.162902 101.004662 
99.092583 108.829793 121.075617 130.770318 120.037170 116.548900 134.841366 128.336758 134.586809 126.561156 129.099919 118.328118 97.470899 136.564163 
95.776546 125.931833 131.186110 130.463499 106.727375 98.934139 134.516484 121.858088 112.136110 129.482638 125.961861 129.668341 108.550319 131.120476 113.500723 122.457733 
126.809710 124.462918 101.200527 114.551038 121.954653 129.475751 109.046146 98.304390 98.415023 128.893002 101.950583 114.328071 131.530664 99.145752 
127.888754 102.977124 95.591787 106.350384 102.380646 100.841969 120.316687 105.742523 101.886089 99.510073 109.011337 122.900293 111.419510 116.907548 106.072797 97.259587 105.973577 115.794433 102.078553 126.804973 130.239857 121.812441 128.810314 123.032591 
102.731615 98.180536 111.809070 113.600530 98.404392 105.850047 108.534043 116.573919 102.815554 116.015851 121.295799 95.805581 96.977793 105.772669 109.425501 99.635008 132.183892 
117.293187 128.623888 100.409210 104.718981 120.715280 112.792613 128.593835 131.076620 126.899342 95.841985 129.140518 102.204808 111.757233 93.378037 99.237673 98.341843 105.692682 124.989599 
134.242830 123.361021 93.536234 117.677951 111.275650 131.689514 122.404733 104.872961 136.097799 101.986253 117.338973 121.556681 113.784715 128.873401 96.314224 122.298618 
99.739102 127.391413 120.107240 95.062722 120.630319 134.392638 109.546498 94.924706 96.171445 113.875911 119.608874 129.837291 128.105891 97.542943 107.840783 100.171874 128.783973 118.177812 98.652525 94.084161 115.203832 
102.639670 127.607828 100.898934 114.333819 101.337182 125.418979 115.802649 124.207758 104.005251 108.664035 122.293232 97.521395 135.597657 105.158475 124.622175 115.948741 111.310364 
134.213922 114.021529 126.555233 105.370716 107.849602 114.663457 112.148865 96.386608 124.504172 108.986368 100.006350 120.260637 105.497081 135.829362 
137.149503 112.995957 123.233402 98.047533 102.669082 133.101322 110.832634 106.029563 107.442453 93.613373 132.679614 100.943459 123.621169 108.186061 136.078672 125.517005 135.790517 134.394830 114.603887 110.456052 127.812940 96.205400 136.609433 113.820143 132.693231 104.349771 
133.503956 135.643602 131.948400 111.037131 114.837103 124.651036 126.794243 128.623865 129.375136 97.538241 118.852127 119.738929 120.582742 122.833819 136.798179 105.167339 133.581585 136.875778 
100.982996 135.838814 99.474271 106.277143 112.106555 121.580496 103.076453 129.123272 126.837865 103.942494 97.901971 118.307797 96.139151 129.085985 97.229651 100.629506 113.430800 119.630355 125.286502 95.293776 103.000104 114.486422 131.256143 122.901862 122.181443 96.737786 122.958853 108.882547 
123.126566 126.492971 116.360954 107.106548 112.978979 94.407220 94.267274 117.329807 94.164297 121.546298 103.977637 125.877708 101.933112 108.553185 136.352458 
135.510772 109.988780 123.052876 109.032375 133.433486 127.668183 105.595286 122.988405 103.964027 131.827593 122.239339 93.541624 96.411296 107.772079 111.675626 
96.105111 96.470095 96.047536 96.261701 121.633417 122.258938 114.810164 136.178692 133.448413 119.273179 106.215621 95.979552 99.342281 121.823625 132.103775 129.703955 122.235076 136.692549 129.989301 
101.969564 107.612213 117.125693 106.660852 97.997900 98.470579 
137.025468 98.448251 131.914468 116.546502 113.631331 128.507633 133.287906 108.799095 
101.215601 103.019574 123.575754 108.079016 128.822832 124.440226 127.791299 104.181865 96.940794 109.894997 114.697411 120.157477 117.667059 127.783616 97.410295 131.416476 117.520450 99.020900 135.648699 99.880219 109.181149 136.523648 124.832082 119.010805 107.427321 136.509921 108.828928 100.316459 114.511120 
121.117780 106.021012 134.758353 127.728821 117.730744 122.681097 122.821907 125.993086 94.176825 114.037428 119.617465 114.656652 127.346227 131.352629 94.951495 101.523785 120.776610 132.564213 
100.767131 98.492606 112.383232 101.308170 95.933068 100.458548 111.325083 123.952571 137.273548 126.947272 93.698452 136.533499 112.279954 108.184188 120.867123 105.188525 
130.017581 107.920320 134.173277 113.006814 118.928606 129.161104 137.448016 118.140048 117.163303 116.348157 122.786220 110.396268 106.254045 125.135830 132.440502 
96.825060 134.716176 120.779276 113.486888 122.024453 133.732061 125.918289 128.071098 101.985009 100.938853 106.147241 131.728193 103.052796 124.670051 133.539496 122.425457 132.807981 120.806164 118.536368 122.209611 125.142280 124.041802 111.888885 136.836743 
123.438795 111.557370 120.255983 114.540144 105.980229 95.897164 129.965934 131.900856 108.295225 134.572442 103.497600 97.291152 119.651192 118.834291 104.574457 103.436292 110.337061 118.949924 107.057587 116.036700 125.885983 
128.584637 125.140644 95.471045 135.304945 136.389421 130.035614 94.625521 101.671611 114.590152 97.690653 110.664390 137.464309 126.018359 125.923524 95.449551 131.634839 120.896279 119.735369 
108.280362 119.190107 122.788490 106.033090 131.079860 121.684944 101.409951 118.019799 128.206373 124.325605 113.812040 98.233604 119.531609 123.270957 99.291550 114.052891 122.293810 95.852168 113.892627 136.110152 117.214019 127.341020 
112.452835 127.453438 122.670039 115.832038 97.540734 107.838188 101.541796 124.921115 111.339127 94.710428 134.473628 121.818671 116.408819 110.639509 109.893143 116.085551 113.997565 121.212780 
130.515736 94.474160 98.581602 119.597646 105.652346 123.777571 131.880532 105.614327 102.626509 115.819645 123.871810 115.163738 130.446442 133.203445 
93.925297 118.415211 116.014912 123.264734 119.525985 107.585897 133.219935 129.222410 96.923332 100.594037 126.547351 123.750278 94.205866 101.547089 129.966055 100.017284 130.617791 105.712400 132.511647 95.725281 125.349663 137.122984 114.475113 131.766739 109.346972 114.302825 95.880280 122.149036 132.281851 104.898658 93.502531 
99.397631 103.140469 133.807610 112.063999 117.619677 108.411811 129.010383 93.271054 106.633306 131.676664 124.230185 126.510522 133.656245 97.573119 101.991511 107.223994 103.940474 98.286155 
136.751945 102.867875 108.844112 111.855972 107.644342 122.155544 114.431325 109.716128 131.190987 111.599886 100.227912 114.853532 
112.201316 120.444425 135.921317 109.029962 104.266719 126.579497 124.213574 123.076832 134.037730 117.644966 119.614633 134.621247 
113.371888 101.147247 122.070955 127.477207 112.049916 124.021390 114.538551 129.047331 98.649630 104.838139 118.062949 95.972006 129.014150 128.161727 105.983300 121.599333 93.695128 124.720140 101.011017 124.414797 114.797448 124.011180 104.172815 121.858968 130.470288 100.838524 103.835090 126.663458 
94.076642 94.214634 110.229531 116.136354 128.871620 126.279658 105.652330 137.055640 109.836733 111.125767 114.105586 108.173157 124.163025 134.860610 112.965897 124.935787 129.461516 104.365694 113.224998 112.005817 126.881838 96.198083 100.067592 94.905652 108.509492 107.914117 121.615604 132.855592 
97.588244 100.880679 95.707190 126.024917 117.939035 115.041930 135.599669 124.790421 94.932047 122.663245 113.486567 132.992690 120.011498 98.361482 108.343434 111.281307 110.852981 99.525367 128.433908 115.447907 128.888642 120.312766 94.649875 103.797342 133.697188 95.618977 127.416516 95.765395 128.577850 123.558672 112.503297 127.087457 133.522526 129.156821 113.011872 
124.135436 103.300601 98.082319 115.432526 136.723513 105.795233 100.314388 107.727019 95.869356 103.001773 106.066154 126.180234 113.181957 96.242243 133.243611 128.654784 107.712118 102.941966 122.944930 122.046183 94.702078 126.693668 121.368754 96.304415 127.806926 111.701933 123.611077 122.060434 97.019412 112.560658 129.255107 113.708282 133.423590 130.143952 116.354520 116.188947 
128.266778 95.634291 109.499367 114.680257 136.464287 118.533678 98.984219 107.785735 101.693601 113.963613 101.159308 103.896088 96.379241 123.864384 97.053830 134.852066 128.827259 109.625424 124.513771 102.628452 131.432050 97.230526 127.849728 96.561593 129.936884 134.669497 122.665966 
104.251373 127.830545 97.304524 98.206332 101.282757 96.678271 131.424844 119.665399 115.209362 107.574373 122.465609 104.098099 109.612488 137.337663 94.328044 133.463738 107.554127 93.483048 131.001304 120.912656 
135.169006 95.274566 131.438473 121.245652 97.857058 136.524596 111.020041 131.338126 110.233625 93.314035 118.368643 114.761698 136.407168 129.730540 126.061840 117.887733 99.973911 114.322523 123.822404 105.099444 112.478899 136.984576 116.390790 111.950498 132.128707 
117.858188 120.825750 103.491084 106.214794 126.374143 95.276214 99.475163 100.501796 104.039220 115.434181 130.690847 119.921088 105.516962 134.882485 
114.282674 115.362255 111.329153 95.170398 135.830760 110.423471 98.108071 127.668173 133.646470 116.634060 115.590217 124.459434 134.076068 98.347955 114.811794 95.156206 95.095982 120.472177 116.693145 104.445572 136.572683 
118.731744 108.388694 129.241333 125.188527 128.881906 107.133158 111.734437 129.708012 105.961202 106.049705 118.064523 102.693480 93.351425 113.766434 
104.526657 124.900483 129.983281 129.228525 101.901951 96.808840 120.721998 126.347388 126.634282 127.449773 97.154166 127.130563 113.815531 125.898887 104.124264 122.413716 133.418325 98.466368 100.940414 132.588778 117.358602 103.173473 136.199386 109.831828 106.440213 115.850404 117.174517 119.095836 134.377786 125.002706 104.237040 103.336520 112.662532 125.520896 
110.931919 108.269504 116.048490 131.549805 137.042181 95.961624 121.742016 105.300158 107.424949 128.646265 109.903558 119.134976 115.814717 117.556525 93.977565 130.308040 130.351848 
105.451875 100.018061 133.999636 135.606991 95.453801 107.593986 126.777879 123.702091 109.112485 104.824137 130.662660 124.743796 105.861640 109.754800 113.812834 106.654474 106.718459 126.962690 131.397620 126.406612 109.707992 
97.226218 103.456077 118.283571 117.657408 117.414634 109.076045 129.911320 100.956767 128.775290 112.624264 105.942688 100.211881 120.897153 115.516590 103.059322 112.790924 127.100247 134.641210 110.292620 97.675131 117.591164 136.186451 110.128869 132.959094 122.510547 121.151670 124.227032 
101.544361 115.895640 133.553151 96.031625 94.322372 113.463124 111.608048 94.575085 106.306753 96.723176 126.328888 100.930502 133.193750 95.942911 114.707558 105.891290 93.574305 125.468722 
101.666565 126.315296 120.087471 111.492030 130.605779 133.094080 93.623407 96.592922 131.183355 93.651557 99.986813 135.104016 131.133372 119.015371 107.810736 
123.491616 112.176435 110.172992 97.652378 100.239743 122.835987 116.782816 136.015412 133.442742 100.352323 128.514327 106.735935 127.088618 119.978247 116.420797 110.995194 
120.121352 129.142915 137.547747 132.848968 137.564323 110.339353 115.534094 110.360794 130.741061 116.135795 120.223284 93.460033 130.594901 109.624933 133.319733 104.310023 117.782059 103.311121 101.673439 110.450692 105.074416 103.742222 123.566582 135.172269 98.321423 122.730781 94.734460 97.588508 135.140094 98.316301 126.584887 
109.617778 113.256630 135.481023 110.518297 119.710602 124.382545 94.822427 135.789348 121.059506 123.586714 105.892981 98.067135 114.392215 118.912026 111.106912 
126.449293 134.440917 110.547380 123.927600 126.693947 115.647316 100.723008 115.375639 118.289085 97.796912 100.634632 109.603968 128.707764 122.116708 128.561958 94.883264 108.182971 127.396951 111.997678 113.604340 93.525073 122.926189 134.734404 132.359667 98.917352 
117.857462 136.649301 110.262874 129.392420 103.088838 98.027616 97.685018 100.551655 112.302012 97.587164 94.946602 95.387620 115.320538 107.010974 133.786461 104.882130 112.976761 115.034630 132.692776 105.310871 124.351793 102.197210 114.774634 
127.593707 95.368072 120.474105 127.634330 121.596457 123.350694 101.507514 120.022957 134.872000 111.770584 110.757093 95.189317 128.950868 111.782844 
135.301933 101.141997 124.799863 118.320581 131.273650 124.630925 129.272842 127.182950 96.230644 99.203011 131.596880 99.047128 111.204576 117.982295 100.875063 127.159275 116.234653 135.901291 123.612671 111.767231 117.433916 111.307336 116.570369 
124.981232 110.924189 124.213267 106.684112 93.982120 121.034895 135.010562 94.904407 111.525798 127.548696 114.760446 126.539107 
117.737889 107.991834 124.853536 98.535969 137.166319 134.501548 107.631712 107.586544 110.678466 104.464974 107.513642 127.470978 121.609051 118.401107 103.894553 
114.015552 131.928556 108.070859 99.931249 120.803950 117.232808 117.640525 121.198020 123.253371 98.204665 129.389727 117.372680 101.677652 112.232009 131.892564 101.980574 100.116284 95.495629 106.212622 94.159357 102.007621 110.587383 132.461797 134.662125 111.770778 101.168438 
126.310165 107.530379 95.649050 95.645678 94.935716 116.904310 133.223015 117.248100 129.334619 125.610202 129.770065 133.686530 100.962014 104.178492 125.505919 
125.545352 107.944169 109.444664 136.782185 122.471037 124.442904 109.379882 113.571518 129.681595 113.732371 94.085266 111.122444 134.391287 132.275332 136.685354 121.692888 120.563822 127.176244 
121.973285 97.202573 100.077984 121.068595 94.715935 129.262784 132.720279 116.852004 136.271810 100.545044 97.129602 102.478411 110.377400 120.943030 111.125589 118.388164 117.260884 
115.591904 109.769092 132.698281 133.044537 121.684869 102.991371 96.368824 98.545106 126.552559 125.569641 112.563194 129.079370 126.526125 122.484820 133.532796 112.995475 
94.359880 98.077949 126.818048 94.905209 111.064113 108.139586 106.128997 129.352785 129.339137 97.707554 132.097148 108.790031 132.164378 123.810005 106.496597 116.467418 107.662622 103.730214 135.335529 129.629473 
110.371675 109.868213 108.139353 118.640028 126.208144 116.904202 132.682966 96.192614 134.439661 124.654674 121.223773 121.469486 104.891481 105.813723 123.513205 100.399059 
117.195020 104.252118 131.844672 122.178200 100.463642 99.525504 129.299418 115.640796 132.366136 132.300611 93.447204 116.974309 109.446949 134.275677 96.027834 98.270700 106.168286 97.218328 127.866577 136.193011 
107.810983 98.913569 110.842828 133.573010 98.367607 116.382479 110.613898 112.477390 136.286401 134.508966 136.756052 110.961420 128.366454 127.313234 124.915106 93.617561 93.557544 94.757915 133.635853 
112.994061 134.797409 110.370308 101.994662 126.984710 129.785358 108.607076 135.827994 128.245126 118.611656 126.244783 131.927032 104.035395 117.960852 135.846253 93.601819 124.523498 116.710257 
96.110696 127.010473 119.499884 117.138760 113.949777 119.711346 134.171981 110.661739 116.063383 115.642908 136.643775 108.468230 106.654362 136.536715 
115.106956 125.853862 135.904920 133.085980 94.775885 127.576562 113.537783 104.526142 112.300179 105.954609 99.539865 129.334793 121.243783 123.208249 107.744175 97.348200 100.211647 94.741646 
96.522466 97.828158 129.694915 123.889762 121.142335 117.128243 104.631289 116.306387 109.510721 
130.965775 113.253131 100.701432 129.446660 112.264663 136.303477 103.343239 117.420485 96.214329 120.371172 99.175584 135.590635 
106.102454 116.628548 102.801389 101.023298 126.351655 110.344062 109.302568 99.964249 107.324542 114.155963 102.502332 93.918229 133.342996 108.523124 105.363357 121.105892 
126.813854 125.960740 97.424499 127.578214 123.732796 97.801713 133.175592 95.556042 102.420828 134.118303 131.493159 135.415642 113.608290 107.250855 106.836621 137.625619 133.414974 99.942586 94.734883 106.540569 
119.721681 126.532007 121.932953 104.870751 97.878382 100.050394 128.047363 129.577724 134.252394 134.017047 135.648312 109.002050 130.314851 136.071695 94.568133 130.476443 
100.131050 118.080426 133.740482 115.006371 102.162024 125.416554 132.073267 106.942035 119.288760 99.517153 112.129520 125.022293 128.597078 110.856408 
97.693372 111.188851 111.905048 97.335443 117.181254 120.780154 106.729359 115.177019 131.939390 133.783444 123.934395 132.873366 102.051371 135.410081 125.283853 
105.576424 94.113378 101.489458 128.435508 126.681736 106.109838 136.577763 120.993694 118.388061 99.758340 97.838682 108.870363 101.856759 117.192908 136.890330 106.509661 105.760663 113.568155 96.863695 131.624440 128.772349 112.567247 120.805421 106.413014 110.249825 102.799724 98.705212 119.334979 117.731913 108.009359 102.612034 111.484834 95.263988 102.132610 135.982859 129.944366 
116.822622 123.534854 116.512062 122.358483 117.882861 99.577199 134.957118 118.657572 136.834032 
95.832357 95.403424 129.745462 114.783144 121.852202 116.719005 123.606231 134.743324 130.694379 127.021391 137.349477 113.096937 132.194944 121.866838 129.572380 103.660893 97.489130 127.709524 104.098039 121.301546 99.002036 115.362367 108.455121 110.977023 122.611645 134.850193 118.574904 
128.017475 122.762238 136.697344 125.791298 123.820356 104.560386 102.747035 117.887615 129.367592 120.800894 109.264091 119.947085 95.714071 113.876363 132.241961 108.657825 99.092095 122.264092 114.529570 
129.281628 123.626722 121.835125 115.088387 116.784093 131.831753 131.339032 105.368398 137.695641 99.956325 125.876401 110.327943 111.715437 116.183921 120.132183 135.611007 129.365113 123.856097 112.514586 113.850530 126.542931 124.721946 134.059763 104.900094 134.441855 98.733066 103.607839 96.733189 132.387308 120.636068 98.415435 104.032002 98.411292 131.675748 129.668219 
115.076902 128.955212 136.625217 106.499913 120.034406 96.193228 130.294156 122.427743 108.505244 93.785859 100.086586 122.474846 128.535457 105.789680 95.912663 127.931765 98.461692 95.972349 101.307371 
115.527046 116.267886 101.163088 126.373588 135.205641 96.831853 121.822298 107.457781 116.859237 99.198179 102.005691 136.680754 113.277415 112.384623 
132.551060 103.807011 116.823220 132.565835 118.152452 116.556474 106.227987 105.482011 135.688877 129.463340 105.085519 118.940969 
125.572033 99.727218 108.844473 94.455349 112.759204 127.437484 95.250751 98.682030 97.257606 111.223631 116.840705 120.616524 127.243920 125.039347 
120.532160 95.616094 135.780768 125.456606 100.221027 105.801047 131.308500 126.666001 99.007429 104.282742 101.485272 133.869960 93.385327 124.002858 118.509174 136.767075 125.244883 130.869961 120.110720 128.598720 108.678677 116.135985 117.149983 104.388201 133.628626 114.488717 110.642334 93.619372 124.010849 128.125173 
100.532832 106.174933 102.166535 135.451523 101.919866 97.440152 111.102127 125.215140 114.626464 121.621567 136.443484 124.855713 94.217483 96.641494 116.158207 101.326581 124.941692 102.403760 95.206909 120.837852 111.234074 109.097196 
