107.358483 101.387655 116.368774 119.137407 121.737627 128.744337 112.034561 109.806910 107.337404 112.022269 133.948397 120.633173 109.692261 132.996934 116.763960 106.494872 130.629495 107.569749 112.484608 99.937403 94.243543 103.321102 131.961432 
137.214960 122.220670 102.115340 96.596413 93.317878 105.130271 103.328904 134.661662 137.245977 
122.663082 96.115725 99.077504 131.585828 100.256557 135.150076 129.345638 122.499553 103.677511 105.157001 130.668444 108.589146 131.626543 132.272513 119.287054 98.881672 108.397499 101.408013 131.142835 136.878246 103.753301 134.923981 104.628314 99.110679 136.294704 127.375871 130.658681 112.575845 111.027403 
127.834870 119.458954 100.877124 95.618491 129.929896 93.360039 98.518550 123.300279 123.936983 126.530931 114.021880 107.973370 100.568139 125.788701 113.064982 101.420394 113.069719 
97.627579 134.780499 106.296555 103.187231 111.368238 109.005633 134.660472 122.973636 118.528116 127.884006 101.326368 98.929399 105.982344 137.249300 103.705565 135.230556 113.501500 126.496367 122.896949 113.829032 113.637410 111.827156 129.210636 110.292761 127.932088 119.234065 95.132437 132.400121 120.624014 104.257645 112.217800 
109.769831 119.383409 98.808909 133.685070 113.330092 118.973121 120.193053 106.578928 128.487606 94.571248 130.741808 134.496817 112.089496 97.286015 128.454880 127.401520 112.893162 94.334796 134.484792 
133.538510 128.542375 96.746714 129.093184 96.028781 133.133301 95.682216 129.590129 101.800510 103.838870 128.807509 114.996450 95.355795 117.900406 131.454725 
104.654512 108.261987 109.677576 130.657379 116.765209 133.740315 110.345516 127.094736 132.242635 108.758659 106.800952 125.409317 113.134465 114.998671 120.251175 115.957848 118.786328 110.331224 93.376196 105.370138 120.040725 
121.284774 105.829615 133.873550 107.654384 130.459239 105.267311 129.773900 98.018694 113.675780 108.111601 117.641496 126.514504 110.146941 115.997122 112.572252 116.604905 128.594584 105.392316 134.275419 96.885098 110.868558 96.728585 
116.340451 125.306211 96.470217 135.876501 116.675669 106.028432 98.039488 135.220636 134.701947 136.919047 124.410859 113.651905 106.929768 121.686976 107.754106 122.579113 132.209226 100.473747 126.013398 
137.212814 115.912935 120.594883 132.692417 128.557884 110.986443 93.979474 124.971494 106.194899 128.553478 110.452071 107.651818 98.949278 112.742286 94.452444 131.240033 122.596987 112.352365 
119.107503 101.255521 110.396802 106.288541 103.018526 115.396624 106.764270 121.240865 117.519142 109.965495 102.120051 110.493752 112.313758 
109.845226 103.468011 115.574347 132.334847 122.307928 103.063956 96.946688 101.415744 113.559700 114.286152 129.945208 107.371700 122.102506 126.574756 106.802385 136.109250 
129.280613 108.155969 135.272159 134.422554 102.149948 99.909134 108.767578 127.233287 107.997307 137.031691 123.814015 102.289482 117.317419 97.118498 107.196846 132.047116 136.428491 107.280892 
107.176867 111.026296 107.045107 119.336996 114.089609 94.472589 116.108209 134.679225 136.455223 117.194007 93.335724 129.803862 97.909577 134.839716 103.234316 106.829198 95.430810 123.621540 126.386116 133.089713 114.148552 119.242769 121.925589 109.230890 103.857359 110.984256 129.885723 99.493624 116.508215 103.456109 133.728222 116.481537 112.289898 105.281157 99.046428 106.475933 115.146336 97.611465 116.139245 132.199661 
106.802695 135.991636 135.343097 117.972842 123.174287 103.123739 122.407075 101.031866 
127.517787 126.693782 134.598459 113.368762 129.165965 136.470847 115.781984 113.358119 112.438918 133.048299 121.125254 137.204517 127.547839 119.791044 128.713607 121.260153 120.079894 
101.724783 112.897249 103.044810 131.102955 108.072275 106.222986 136.325969 93.615369 128.633320 127.081056 112.835198 103.819547 118.010674 121.590041 100.157389 136.205165 132.698783 103.649773 103.884257 134.075107 109.104817 135.070413 100.821458 106.795519 111.980481 109.360733 105.338147 
117.632451 125.603050 95.751764 124.768930 130.512627 101.501322 115.723728 94.078948 116.854241 96.097545 102.021499 129.033949 130.475687 130.915406 98.869462 106.309072 101.026624 103.390625 121.268236 118.642410 95.413037 102.984233 109.504435 112.980249 135.692837 130.991119 101.057759 99.599036 134.437199 
112.224858 113.184155 126.837813 111.361692 93.560101 133.164447 113.282269 110.731657 106.198118 120.645043 102.586948 102.156433 93.343013 123.989166 114.444955 97.343756 126.179003 120.426080 
100.429123 125.183142 107.343192 98.052563 123.532927 131.136422 99.459561 117.237525 103.914837 130.716363 123.839591 125.728368 100.007601 94.475635 104.780153 
135.034257 116.876304 106.814407 98.439889 112.106042 122.379884 
117.645636 128.120173 123.191907 136.447831 112.009886 127.532534 109.083884 128.441673 129.071055 102.878132 127.730275 127.638335 127.855187 107.218902 132.809842 95.327563 
136.538026 102.966524 93.706624 103.653308 104.278586 102.779649 101.100049 121.041873 97.002021 129.203521 122.948114 96.881269 99.977519 133.876818 103.906677 105.789392 
97.754086 103.128182 122.975953 117.370410 105.677681 125.524091 126.546559 99.488685 100.947301 128.248082 114.841914 102.725353 104.565429 113.963846 122.015620 129.920662 105.581164 99.857991 112.348964 127.577109 98.712332 128.559452 97.721691 108.043561 132.360539 94.934496 127.427707 131.288742 101.873093 
131.370558 125.505873 94.356723 129.136436 117.181000 104.460544 126.829232 103.633312 126.094267 121.806069 133.268996 125.795888 95.687344 104.685504 102.262707 98.863597 
128.094512 99.475365 106.703226 132.386381 114.461748 98.433648 127.461193 132.667966 124.183753 107.172951 94.091042 135.012542 130.871689 121.287903 94.173247 
127.481152 108.636533 122.499760 128.161253 118.912258 126.035397 106.708601 102.195597 123.038881 112.309072 136.580697 135.269454 96.728292 107.913933 122.559465 124.730580 114.948750 101.186765 108.862760 104.851774 107.163214 103.151691 115.017627 
111.403275 126.722410 115.128185 96.067863 123.757013 124.330694 104.738136 134.083732 110.338903 131.322241 98.648235 132.075964 104.533027 114.729681 127.801917 115.660218 93.346495 108.560073 
131.446463 109.073424 137.045214 120.673036 135.476938 94.930392 121.301818 119.821184 130.192542 
119.627853 112.843988 123.753272 136.690247 96.527043 111.595880 120.803818 93.287239 136.731874 122.807967 101.467076 119.754948 93.811408 125.793424 93.935802 98.291303 95.164852 95.766773 97.271712 113.828320 98.739472 109.134652 102.744227 114.409234 96.834278 105.632675 104.149056 
104.370738 95.575096 136.208153 117.081351 96.448550 108.064557 131.689493 115.044847 128.044713 112.538473 98.884381 120.582700 125.414224 100.557896 117.472022 130.710166 128.322513 112.370560 93.584209 97.544211 108.303919 127.501483 112.305369 102.303216 127.597491 122.370034 
117.785154 127.407831 97.985971 115.050798 124.021670 129.492529 102.245864 123.192648 122.174758 111.869536 132.484831 94.188213 100.407043 135.983129 128.979066 114.479934 112.933339 124.232805 136.692930 125.665378 114.306820 123.406937 99.496954 124.230294 135.439548 
121.137230 95.964280 106.034527 118.906972 123.387174 130.945628 120.215124 106.116897 99.814198 102.992603 105.989629 
113.177791 112.632821 121.469267 109.263748 105.834965 131.768149 112.469024 130.437136 94.510328 116.940052 130.858553 127.029720 95.948814 105.091996 104.623751 124.643019 128.169500 125.822047 131.732156 111.883664 
120.978757 129.422148 109.442878 113.347882 113.700700 109.266201 136.532989 108.206654 128.457462 114.768821 127.404755 134.975609 
114.294570 101.210427 126.942443 96.923223 98.113055 93.957265 129.030247 124.472235 120.213086 129.789736 121.652271 121.546445 120.493004 101.150246 123.520318 
105.138216 136.350196 101.154616 97.151606 110.919826 102.626539 124.149831 101.923962 114.121145 93.815370 95.984751 116.723186 116.552074 121.679361 119.654594 108.512240 121.351061 93.614995 135.924656 108.496573 95.828384 134.633756 105.627705 
128.549115 113.664398 131.368811 117.604320 129.871520 106.103277 126.068474 112.434129 98.229679 111.048745 132.101729 124.592033 133.885413 
102.499264 94.656399 98.663614 114.094609 136.218293 95.674095 117.405278 105.821974 98.387836 134.523034 106.397646 118.315006 94.215365 105.004819 109.646913 96.675265 102.516441 128.295013 123.760281 120.766257 114.378678 130.964428 109.548881 106.902802 94.124563 111.507731 102.558191 93.580165 123.716712 136.601864 122.706143 118.835664 102.313463 107.270902 129.408963 
131.856921 117.697554 107.541549 95.862257 109.918430 104.702054 104.588462 130.913980 108.943121 107.509125 105.023301 116.946196 
114.770378 102.361579 107.923032 119.964358 130.079554 114.884783 118.515839 128.104662 125.926635 130.744771 118.696643 96.645241 125.847474 126.113072 109.961208 106.816536 129.280908 133.194502 
112.996155 118.551225 106.926718 124.877547 125.787419 129.085648 104.776144 114.622893 101.322778 101.131486 106.316767 121.550116 123.644482 111.358167 116.841231 119.586223 131.459964 114.157628 108.912202 127.203207 128.690075 113.831632 93.372335 97.097995 
105.062930 110.185302 121.726743 134.211005 132.761027 136.203099 136.679714 136.520981 131.926143 130.267047 98.069975 117.332333 115.503409 121.576315 116.375282 104.639958 112.503206 98.256611 135.356119 137.192021 100.145927 101.391326 123.558004 94.737396 114.401384 124.725609 132.034844 95.272411 
103.336716 105.288558 124.564731 124.305449 120.518099 93.932851 96.685825 100.758918 122.085874 123.919104 
107.869231 93.440076 131.441136 130.328490 120.719654 101.078615 125.268356 124.757332 109.836180 114.920894 110.193537 132.558868 101.845771 132.202729 119.129445 113.200385 111.049205 
115.498294 127.502383 130.409841 115.260697 135.342315 136.220438 119.005260 96.662964 132.025863 108.386645 125.469414 127.692528 135.304317 135.858638 130.333971 98.765749 129.929527 133.469930 94.256446 106.925722 
116.426928 109.848773 132.587748 123.730033 124.904665 107.664006 118.444178 124.648440 109.652332 111.571291 130.630688 110.047337 131.688838 121.188822 129.239663 112.934358 101.828835 133.037432 131.745246 95.432449 
128.599208 99.692795 114.453457 102.401232 103.244704 102.282762 114.217059 128.231301 113.050135 115.509654 101.305616 95.506347 97.396419 132.784902 98.238976 107.214641 132.558856 117.182808 110.109969 134.110612 94.746307 115.427321 
126.089267 111.948874 119.838681 121.048954 135.386070 125.538780 121.872870 106.776522 130.475872 120.851489 128.889962 118.381747 137.390142 100.588951 134.244257 124.135100 101.567086 
112.488264 128.477631 136.525478 95.325310 114.172024 122.810507 113.882353 122.178318 98.688191 105.526263 130.864081 126.544421 110.379895 123.644211 112.072982 115.668280 98.136693 126.540709 94.707184 127.092757 134.284517 122.368230 126.583507 
108.989867 109.774857 115.344717 127.734112 120.329382 100.638852 122.749164 106.393028 95.426126 121.676482 110.560612 95.457926 93.724707 130.974846 101.161146 103.996683 137.357481 103.990734 134.708582 126.315516 114.414119 134.973825 121.547722 
96.607159 127.055194 112.388219 110.132379 110.293911 116.250549 115.485867 135.129088 104.264943 96.231569 130.988274 98.785494 134.324864 126.487243 114.606665 112.709964 102.009891 130.746052 123.086630 106.090587 110.480648 127.324576 97.584678 137.195625 
112.715670 119.553276 128.675366 118.593396 106.944692 113.657187 121.620620 120.394263 105.611237 124.473666 114.943576 108.159093 105.075671 103.484040 119.904784 135.862207 105.227484 112.963372 109.272317 118.720679 115.910698 
120.400818 108.338691 97.455972 117.170937 97.253972 129.024908 124.243734 136.347792 115.001504 127.095734 132.382753 110.594021 127.825077 109.738237 127.842425 99.827766 99.536719 128.581164 122.484331 99.269909 117.470673 130.078484 127.213719 128.192817 93.498903 104.747233 100.478303 111.749825 120.864155 137.644401 129.998256 106.971351 
100.296012 104.405127 118.740908 97.962322 130.091763 136.733672 120.320749 105.861411 103.352775 113.755530 105.551739 111.208783 111.811915 110.816251 98.663820 127.165263 95.146337 123.358883 95.911463 136.277795 101.619265 123.112297 114.416235 123.927364 97.810684 110.407693 110.527737 99.339826 126.558705 128.260431 137.623495 
97.097867 105.869523 117.297104 128.537738 111.071549 130.641757 132.716814 128.997805 123.699769 112.517538 105.877386 127.978769 102.051621 99.450917 108.829575 114.427025 104.875655 129.112988 126.519657 106.958468 119.237836 109.928613 108.355144 
95.728631 101.208282 117.602281 116.842377 127.691315 135.543721 108.881233 113.491822 134.881032 126.737207 101.798730 125.331225 103.885598 115.995381 101.250754 100.369965 136.326289 111.465232 
135.794472 115.266966 132.393829 127.471496 128.197028 125.605495 136.066927 111.526765 114.118893 
113.520457 130.491046 96.082645 120.633845 120.804530 123.381007 102.766477 104.248504 125.600301 122.313818 126.344496 107.313347 135.808815 110.577111 109.765219 
121.537599 131.429348 99.516491 129.913946 104.642143 127.110637 96.880470 104.894976 106.290790 
111.993716 128.768791 129.902861 124.180475 105.374873 96.154606 122.001490 135.327533 107.268765 94.205545 110.397585 109.815701 125.643260 109.556148 126.924680 99.488307 134.876347 109.750238 124.760998 131.024735 112.618804 131.941708 108.430246 97.987157 133.203195 137.350027 97.772625 117.008757 119.678299 98.652814 131.813651 104.615982 
117.415780 121.539742 128.993254 126.478799 134.165616 103.918028 96.903516 128.064037 128.120255 121.497854 101.968429 93.360419 124.762596 116.116707 129.144665 136.360930 113.731604 110.440077 125.719492 118.105303 104.198594 118.724280 97.855071 104.188095 94.638277 133.478052 125.401638 107.848560 103.773014 135.526551 
128.444910 116.185378 101.060506 126.557887 95.889691 124.958162 133.543672 111.557195 125.576788 112.412016 105.098563 120.518371 117.824111 135.583811 103.426514 
113.969675 130.667417 95.430385 126.591441 114.410897 104.952744 124.482796 113.753874 112.419694 114.804619 99.824846 123.060337 101.859919 114.754249 114.042655 103.291844 
124.379508 98.327570 104.876489 129.795157 99.542952 125.549941 122.740112 114.483020 119.172143 105.258216 106.121801 119.095695 117.632754 119.927984 114.018620 103.146171 95.920311 
105.478914 113.236694 94.981367 113.699239 130.289426 97.214348 99.842147 115.157088 118.168990 135.630493 106.124469 100.675668 101.668725 
98.856721 136.105513 100.166173 117.953552 137.032068 93.486226 110.482531 107.058791 116.438076 98.271663 101.506450 112.608091 106.497974 115.124608 93.448188 134.093911 106.952632 116.623039 130.069489 132.576402 98.942862 107.941249 
111.043511 100.282299 112.624723 115.792028 114.850087 115.144108 116.547435 136.437531 
102.530728 128.387574 123.603033 136.385275 106.969687 118.539024 104.852339 135.175372 120.979144 
132.382836 107.491827 125.327218 128.195162 129.648424 133.586634 109.845056 99.680098 118.593601 134.589234 117.626966 121.997548 127.053072 104.518953 
119.390549 112.358734 120.044945 95.178927 128.620682 98.786064 125.260292 135.010307 132.945600 114.196202 109.410006 105.900747 97.416804 133.158927 136.902144 111.530955 131.740568 135.992350 94.575684 105.394227 94.566777 133.642293 120.212099 112.217064 120.213979 105.473762 103.897456 109.584267 106.231735 99.483448 124.997197 114.229442 106.213635 
112.941163 106.260431 135.127200 132.915307 105.624426 134.196297 108.489643 134.290948 106.785231 119.790759 112.733891 103.891658 103.785841 111.274635 108.301547 136.401021 108.422057 
135.785624 126.657702 108.379351 124.407116 109.227833 117.260876 126.123472 95.284620 130.462389 131.009183 114.186211 127.046514 132.977105 111.119124 111.447843 115.544262 118.090481 102.148436 119.830556 105.148626 124.230926 114.733403 
93.475280 134.837664 97.149095 115.972263 95.755853 102.186431 132.565288 135.012391 112.817515 136.633734 107.736849 136.072478 118.761871 112.691706 111.990454 118.765518 131.892019 118.814496 131.057272 93.364333 125.357643 114.927400 93.820386 113.351534 127.999058 137.235703 118.832674 133.452455 112.324286 96.300520 111.362912 134.122132 118.511515 110.972486 106.345047 114.762359 130.158655 96.490002 104.164669 129.434343 
110.016610 99.719733 131.279116 112.807704 119.806995 123.445429 126.498288 104.298103 129.985974 101.316117 105.889971 110.387746 133.569809 136.965781 130.075061 110.833359 112.062151 101.541607 125.463790 99.421442 
119.610786 110.698577 131.965776 123.931575 120.353545 127.402989 108.115001 107.188924 98.300607 100.752407 135.517163 94.636752 120.643865 102.725033 101.726183 98.437968 109.393461 113.086410 112.714223 107.631634 107.543784 
116.464353 110.926799 131.370511 94.963488 128.973729 123.041238 133.706948 96.357804 105.630151 101.743236 98.422768 94.112096 118.429448 95.499491 126.656025 133.191807 108.783457 129.407853 104.484057 129.438656 
112.388380 104.246675 127.859830 118.842883 111.588829 109.764125 131.374696 126.514392 97.166150 110.897383 111.711594 99.272263 99.476773 127.199421 
107.735099 112.163943 136.581114 103.392384 126.987254 134.380937 110.131776 109.679110 103.105980 129.345622 134.891971 128.529427 130.515758 128.729372 119.824494 107.947668 110.197064 128.805447 130.614747 
123.031502 120.102206 133.995182 136.934218 124.290543 112.984658 124.744219 104.214385 102.131000 94.662597 115.806386 106.198581 124.388979 107.074597 97.240994 132.050391 
124.054381 124.582787 97.940521 100.886313 122.108780 108.034259 101.653536 93.544858 118.722248 101.833253 116.354912 103.630566 120.581497 96.017325 101.906348 116.124934 93.572924 132.940094 
135.736429 105.782793 122.770032 132.319595 123.373287 128.321234 120.837605 118.499746 114.901678 106.766746 124.499553 136.927828 109.539274 
108.768124 119.629788 131.186736 107.571546 113.938101 100.140991 120.908649 132.159760 106.033215 97.870108 117.713790 120.041618 94.063189 122.967694 120.013124 119.912903 122.572918 98.301376 121.760105 134.852687 101.830294 102.600652 
94.354502 135.134045 129.703675 135.230259 121.822294 119.462841 123.705098 133.296608 104.148127 94.836350 136.960626 119.775790 122.879598 128.216590 121.065406 111.924342 98.861537 132.676643 132.118279 
115.451612 119.090399 134.353593 123.447731 97.828226 99.557516 98.648564 128.333533 133.031875 119.555129 102.356866 100.627913 130.935049 119.878842 137.160607 102.000320 
106.012549 104.449053 116.398322 111.467138 108.735589 118.944521 128.126961 115.376634 134.493265 134.595642 126.905127 120.327223 102.565342 112.253402 128.220887 108.157265 103.145614 134.504700 96.354020 130.873589 110.702260 128.534733 103.825081 93.718666 107.043753 101.152721 
131.596384 121.809344 129.934610 108.418175 114.336241 107.501423 125.890375 131.501959 120.148153 95.692275 95.343011 104.318609 116.868046 128.757089 134.618534 130.914793 115.169882 96.950031 134.381554 
122.730574 110.272706 103.717706 122.572279 106.580732 126.260967 107.022959 117.823656 103.410286 
114.856715 135.013232 98.283155 136.492039 123.204841 132.488551 115.940956 107.485851 101.318934 115.350672 129.177297 115.253482 119.101223 118.253555 127.546956 111.284254 
135.143348 107.448209 131.563112 117.867125 116.118105 119.520168 128.600805 95.345580 107.022076 98.801282 102.578949 117.759593 111.595146 106.407971 105.742104 133.998204 106.741374 119.470960 
125.701453 130.883096 135.320723 107.450701 100.246409 110.793646 127.225716 115.932938 107.911566 132.130704 96.109490 95.203739 
131.731309 115.776370 112.571804 105.671731 118.780401 112.537459 105.314308 107.408024 108.070860 110.170931 136.136463 94.692590 117.902701 114.706845 112.955637 95.831278 103.194599 135.598543 135.811916 93.681787 120.123891 134.627807 104.916154 
125.309093 132.592937 109.264973 125.885223 112.396853 101.986680 95.667292 117.286341 106.100399 133.617426 100.780409 114.559349 115.919224 107.949018 
106.834080 96.644117 127.352349 131.490071 131.390208 102.211293 101.327065 117.560401 117.246009 126.275198 98.802602 97.818351 119.871098 96.286295 132.223668 
115.614365 122.681112 118.420436 107.858624 100.284971 111.162579 
108.471061 132.434516 110.399152 130.590683 123.084960 125.250687 127.562346 103.617964 96.895195 130.648644 98.689715 119.022858 95.720771 124.183387 105.096439 126.038954 94.513275 
132.477822 95.217736 127.524530 113.870296 128.144651 103.768732 95.302353 120.374844 107.861224 130.458229 95.862994 114.883854 93.293231 102.363966 123.276567 105.477898 125.133737 126.867300 102.463992 96.865805 115.323929 94.432182 124.058600 111.805586 96.509602 
122.606068 115.494482 111.755804 114.435932 96.793004 120.020865 105.686580 124.060442 110.206482 113.482985 131.577596 121.637498 130.370932 100.304152 108.888231 114.013245 135.720233 97.686110 115.748782 101.455516 
117.512210 109.905047 112.372769 101.905282 121.047913 128.196262 113.454346 112.298471 132.500472 96.627821 123.295490 94.619425 102.939817 126.510179 118.470837 124.585108 127.165202 114.806575 93.877401 
