 0.710607  0.711903
 1.129374  0.690795
 1.639246  1.792761
 2.377742  0.316349
 1.125131  1.339344
 1.823481  1.194390
 2.314160  0.363093
 1.601416  1.124687
 0.841378  0.810248
 1.634532  0.954661
 2.111120  1.179100
 1.786355  0.967369
 1.132119  0.753761
 2.034742  0.651834
 0.965025  0.458015
 2.462474  0.507244
 2.369040  0.279224
 2.322627  0.655021
 1.511956  0.975051
 2.220940  1.591331
 1.502539  1.452729
 1.933214  0.273593
 1.595412  0.377524
 2.124804  0.827691
 2.457816  0.548235
 0.704990  0.348743
 2.080604  1.302616
 1.809967  2.470388
 1.596614  0.860559
 1.573123  1.640839
 1.767901  0.661611
 2.248062  0.902934
 2.211488  0.520679
 1.630642  0.929929
 1.041056  0.669068
 2.394986  0.494013
 1.098843  0.831088
 1.870899  1.189448
 2.133976  1.310078
 2.267657  0.587381
 1.915515  0.745551
 1.965755  0.560528
 1.807918  1.238651
 2.409832  1.894539
 1.293271  2.602323
 2.385771  1.484603
 2.112005  1.156449
 1.842385  0.462344
 0.876769  0.852765
 0.501930  0.460889
 1.741049  0.342425
 1.835971  1.500924
 2.466159  0.837754
 0.417497  0.401861
 1.930471  0.863784
 0.673972  0.984611
 1.834351  0.563729
 2.099593  0.794338
 1.844448  0.351605
 0.873956  0.453737
 2.013155  0.952574
 1.853541  1.183630
 1.660917  1.599489
 1.712615  0.784584
 1.734945  1.046615
 0.677824  0.513003
 0.474387  0.995029
 0.893140  1.121834
 1.317451  1.256846
 0.471777  0.868426
 1.576952  1.493352
 2.419797  0.571023
 2.413089  1.686061
 1.329234  1.533689
-0.189573  1.317698
 1.369427  0.801725
 1.357622  0.828381
 1.842903  0.463219
 1.382712  0.862511
 2.372124  0.731557
 0.400540  1.956174
 0.202351  1.184953
 2.171922  2.873116
 2.059695  0.346104
 1.771909  0.450093
 1.298247  0.411544
 1.778956  0.771351
 2.315643  1.673325
 1.810386  0.304266
 2.065297  0.482936
 1.854905  1.456701
 2.363468  0.267369
 1.102798  1.080306
 1.106949  0.596171
 0.478182  0.954178
 2.137933  1.361183
 1.380522  0.366615
 1.474610  0.710202
 2.174133  0.983179
 2.147754  1.085815
