0.000000 0.014931
0.000000 0.108177
0.000000 0.021447
0.000000 0.071856
0.000000 0.021536
0.000000 0.065894
0.000000 0.026128
0.000000 0.019126
0.000000 0.031584
0.000000 0.044835
0.000000 0.030603
0.000000 0.035544
0.000000 0.055194
0.000000 0.033039
0.000000 0.017444
0.000000 0.078885
0.000000 0.067812
0.000000 0.025005
0.000000 0.016809
0.000000 0.021248
0.000000 0.096745
0.000000 0.105351
0.000000 0.041339
0.000000 0.044179
0.000000 0.021643
0.000000 0.025440
0.000000 0.029529
0.000000 0.047767
0.000000 0.028517
0.000000 0.145688
0.000000 0.011655
0.000000 0.015207
0.000000 0.027060
0.000000 0.038119
0.000000 0.037813
0.000000 0.051596
0.000000 0.072699
0.000000 0.019765
0.000000 0.038651
0.000000 0.021006
0.000000 0.053059
0.000000 0.016426
0.000000 0.017467
0.000000 0.017629
0.000000 0.075113
0.000000 0.031066
0.000000 0.024277
0.000000 0.071093
0.000000 0.018412
0.000000 0.029434
0.000000 0.023069
0.000000 0.030323
0.000000 0.066928
0.000000 0.027087
0.000000 0.017287
0.000000 0.016177
0.000000 0.020666
0.000000 0.040838
0.000000 0.097656
0.000000 0.033668
0.000000 0.110927
0.000000 0.017080
0.000000 0.014220
0.000000 0.031852
0.000000 0.096504
0.000000 0.077337
0.000000 0.048795
0.000000 0.041210
0.000000 0.084850
0.000000 0.095187
0.000000 0.079061
0.000000 0.023518
0.000000 0.046400
0.000000 0.027223
0.000000 0.014984
0.000000 0.029607
0.000000 0.029985
0.000000 0.029691
0.000000 0.037783
0.000000 0.025539
0.000000 0.054974
0.000000 0.024402
0.000000 0.026769
0.000000 0.022747
0.000000 0.034368
0.000000 0.047170
0.000000 0.021787
0.000000 0.024213
0.000000 0.037397
0.000000 0.056434
0.000000 0.024936
0.000000 0.039031
0.000000 0.036943
0.000000 0.028438
0.000000 0.046130
0.000000 0.098275
0.000000 0.088718
0.000000 0.017971
0.000000 0.042304
0.000000 0.037910
