 -8.782303  95.479798
 -6.566098  95.479798
 -4.349893  95.479798
 -2.133689  95.479798
  0.082516  95.479798
  2.298721  95.479798
  4.514925  95.479798
  6.731130  95.479798
 -9.890405  97.718812
 -7.674200  97.718812
 -5.457996  97.718812
 -3.241791  97.718812
 -1.025586  97.718812
  1.190618  97.718812
  3.406823  97.718812
  5.623028  97.718812
  7.839232  97.718812
 -8.782303  99.957825
 -6.566098  99.957825
 -4.349893  99.957825
 -2.133689  99.957825
  0.082516  99.957825
  2.298721  99.957825
  4.514925  99.957825
  6.731130  99.957825
 -9.890405 102.196839
 -7.674200 102.196839
 -5.457996 102.196839
 -3.241791 102.196839
 -1.025586 102.196839
  1.190618 102.196839
  3.406823 102.196839
  5.623028 102.196839
  7.839232 102.196839
 -8.782303 104.435853
 -6.566098 104.435853
 -4.349893 104.435853
 -2.133689 104.435853
  0.082516 104.435853
  2.298721 104.435853
  4.514925 104.435853
  6.731130 104.435853
 -9.890405 106.674866
 -7.674200 106.674866
 -5.457996 106.674866
 -3.241791 106.674866
 -1.025586 106.674866
  1.190618 106.674866
  3.406823 106.674866
  5.623028 106.674866
  7.839232 106.674866
 -8.782303 108.913880
 -6.566098 108.913880
 -4.349893 108.913880
 -2.133689 108.913880
  0.082516 108.913880
  2.298721 108.913880
  4.514925 108.913880
  6.731130 108.913880
 -9.890405 111.152894
 -7.674200 111.152894
 -5.457996 111.152894
 -3.241791 111.152894
 -1.025586 111.152894
  1.190618 111.152894
  3.406823 111.152894
  5.623028 111.152894
  7.839232 111.152894
 -8.782303 113.391907
 -6.566098 113.391907
 -4.349893 113.391907
 -2.133689 113.391907
  0.082516 113.391907
  2.298721 113.391907
  4.514925 113.391907
  6.731130 113.391907
 -9.890405 115.630921
 -7.674200 115.630921
 -5.457996 115.630921
 -3.241791 115.630921
 -1.025586 115.630921
  1.190618 115.630921
  3.406823 115.630921
  5.623028 115.630921
  7.839232 115.630921
-10.998508 117.869935
 -8.782303 117.869935
 -6.566098 117.869935
 -4.349893 117.869935
 -2.133689 117.869935
  0.082516 117.869935
  2.298721 117.869935
  4.514925 117.869935
  6.731130 117.869935
 -9.890405 120.108948
 -7.674200 120.108948
 -5.457996 120.108948
 -3.241791 120.108948
 -1.025586 120.108948
  1.190618 120.108948
  3.406823 120.108948
  5.623028 120.108948
  7.839232 120.108948
-10.998508 122.347962
 -8.782303 122.347962
 -6.566098 122.347962
 -4.349893 122.347962
 -2.133689 122.347962
  0.082516 122.347962
  2.298721 122.347962
  4.514925 122.347962
  6.731130 122.347962
 -9.890405 124.586976
 -7.674200 124.586976
 -5.457996 124.586976
 -3.241791 124.586976
 -1.025586 124.586976
  1.190618 124.586976
  3.406823 124.586976
  5.623028 124.586976
  7.839232 124.586976
-10.998508 126.825989
 -8.782303 126.825989
 -6.566098 126.825989
 -4.349893 126.825989
 -2.133689 126.825989
  0.082516 126.825989
  2.298721 126.825989
  4.514925 126.825989
  6.731130 126.825989
 -9.890405 129.065003
 -7.674200 129.065003
 -5.457996 129.065003
 -3.241791 129.065003
 -1.025586 129.065003
  1.190618 129.065003
  3.406823 129.065003
  5.623028 129.065003
  7.839232 129.065003
-10.998508 131.304017
 -8.782303 131.304017
 -6.566098 131.304017
 -4.349893 131.304017
 -2.133689 131.304017
  0.082516 131.304017
  2.298721 131.304017
  4.514925 131.304017
  6.731130 131.304017
 -9.890405 133.543030
 -7.674200 133.543030
 -5.457996 133.543030
 -3.241791 133.543030
 -1.025586 133.543030
  1.190618 133.543030
  3.406823 133.543030
  5.623028 133.543030
  7.839232 133.543030
-10.998508 135.782044
 -8.782303 135.782044
 -6.566098 135.782044
 -4.349893 135.782044
 -2.133689 135.782044
  0.082516 135.782044
  2.298721 135.782044
  4.514925 135.782044
  6.731130 135.782044
-12.106610 138.021058
