  1   9
  1  10
  1   2
  2  10
  2  11
  2   3
  3  11
  3  12
  3   4
  4  12
  4  13
  4   5
  5  13
  5  14
  5   6
  6  14
  6  15
  6   7
  7  15
  7  16
  7   8
  8  16
  8  17
  9  18
  9  10
 10  18
 10  19
 10  11
 11  19
 11  20
 11  12
 12  20
 12  21
 12  13
 13  21
 13  22
 13  14
 14  22
 14  23
 14  15
 15  23
 15  24
 15  16
 16  24
 16  25
 16  17
 17  25
 18  26
 18  27
 18  19
 19  27
 19  28
 19  20
 20  28
 20  29
 20  21
 21  29
 21  30
 21  22
 22  30
 22  31
 22  23
 23  31
 23  32
 23  24
 24  32
 24  33
 24  25
 25  33
 25  34
 26  35
 26  27
 27  35
 27  36
 27  28
 28  36
 28  37
 28  29
 29  37
 29  38
 29  30
 30  38
 30  39
 30  31
 31  39
 31  40
 31  32
 32  40
 32  41
 32  33
 33  41
 33  42
 33  34
 34  42
 35  43
 35  44
 35  36
 36  44
 36  45
 36  37
 37  45
 37  46
 37  38
 38  46
 38  47
 38  39
 39  47
 39  48
 39  40
 40  48
 40  49
 40  41
 41  49
 41  50
 41  42
 42  50
 42  51
 43  52
 43  44
 44  52
 44  53
 44  45
 45  53
 45  54
 45  46
 46  54
 46  55
 46  47
 47  55
 47  56
 47  48
 48  56
 48  57
 48  49
 49  57
 49  58
 49  50
 50  58
 50  59
 50  51
 51  59
 52  60
 52  61
 52  53
 53  61
 53  62
 53  54
 54  62
 54  63
 54  55
 55  63
 55  64
 55  56
 56  64
 56  65
 56  57
 57  65
 57  66
 57  58
 58  66
 58  67
 58  59
 59  67
 59  68
 60  69
 60  61
 61  69
 61  70
 61  62
 62  70
 62  71
 62  63
 63  71
 63  72
 63  64
 64  72
 64  73
 64  65
 65  73
 65  74
 65  66
 66  74
 66  75
 66  67
 67  75
 67  76
 67  68
 68  76
 69  77
 69  78
 69  70
 70  78
 70  79
 70  71
 71  79
 71  80
 71  72
 72  80
 72  81
 72  73
 73  81
 73  82
 73  74
 74  82
 74  83
 74  75
 75  83
 75  84
 75  76
 76  84
 76  85
 77  86
 77  87
 77  78
 78  87
 78  88
 78  79
 79  88
 79  89
 79  80
 80  89
 80  90
 80  81
 81  90
 81  91
 81  82
 82  91
 82  92
 82  83
 83  92
 83  93
 83  84
 84  93
 84  94
 84  85
 85  94
 86  95
 86  87
 87  95
 87  96
 87  88
 88  96
 88  97
 88  89
 89  97
 89  98
 89  90
 90  98
 90  99
 90  91
 91  99
 91 100
 91  92
 92 100
 92 101
 92  93
 93 101
 93 102
 93  94
 94 102
 94 103
 95 104
 95 105
 95  96
 96 105
 96 106
 96  97
 97 106
 97 107
 97  98
 98 107
 98 108
 98  99
 99 108
 99 109
 99 100
100 109
100 110
100 101
101 110
101 111
101 102
102 111
102 112
102 103
103 112
104 113
104 105
105 113
105 114
105 106
106 114
106 115
106 107
107 115
107 116
107 108
108 116
108 117
108 109
109 117
109 118
109 110
110 118
110 119
110 111
111 119
111 120
111 112
112 120
112 121
113 122
113 123
113 114
114 123
114 124
114 115
115 124
115 125
115 116
116 125
116 126
116 117
117 126
117 127
117 118
118 127
118 128
118 119
119 128
119 129
119 120
120 129
120 130
120 121
121 130
122 131
122 123
123 131
123 132
123 124
124 132
124 133
124 125
125 133
125 134
125 126
126 134
126 135
126 127
127 135
127 136
127 128
128 136
128 137
128 129
129 137
129 138
129 130
130 138
130 139
131 140
131 141
131 132
132 141
132 142
132 133
133 142
133 143
133 134
134 143
134 144
134 135
135 144
135 145
135 136
136 145
136 146
136 137
137 146
137 147
137 138
138 147
138 148
138 139
139 148
140 149
140 141
141 149
141 150
141 142
142 150
142 151
142 143
143 151
143 152
143 144
144 152
144 153
144 145
145 153
145 154
145 146
146 154
146 155
146 147
147 155
147 156
147 148
148 156
148 157
149 158
149 159
149 150
150 159
150 160
150 151
151 160
151 161
151 152
152 161
152 162
152 153
153 162
153 163
153 154
154 163
154 164
154 155
155 164
155 165
155 156
156 165
156 166
156 157
157 166
158 167
158 159
159 160
160 161
161 162
162 163
163 164
164 165
165 166
