 -0.643422 131.283473
 -3.212248 124.225794
  6.416645 103.699683
 -0.667444  94.610513
 -0.428896 125.221029
  2.782116 107.712347
 -4.229254 106.556589
 -2.848709  93.668138
 -2.475958 111.833188
  3.171072 103.527624
  6.533004 115.847229
  2.071530 127.279414
 -2.602372 119.369339
  4.777930  94.967172
 -6.428561 116.546989
 -5.941837 133.721023
 -6.167597 125.529744
 -1.244707 118.116200
  4.835461 136.831923
  3.770862 127.791055
  6.260643 128.526616
 -4.373824 136.258253
  1.597257 100.119123
  5.203960 117.745250
