  8.414828 120.147620
 -3.162608 114.557462
 -5.433898 106.828662
 -4.974007 100.586193
 -8.527619 101.949820
 -8.240972 106.803432
  5.875819  95.619133
-10.646676 120.526288
  6.632137  93.964168
  8.299385 122.816031
  7.258631 101.156630
 -0.131104  95.843163
 -0.378283 118.733195
 -6.068090  98.556230
 -2.211860 101.509494
 -1.698436 102.375818
  2.123719 114.778788
 -9.615040 103.323914
  2.000702 115.296055
  6.544731 121.128804
  2.572124 127.786589
  2.986349  93.847064
-10.199190 110.819984
 -4.972987 118.306467
  7.904696 127.361386
