1.113235 1.148999 1.163915 0.873466 1.054778 0.977393 1.065139 0.932528 0.930568 0.934771 1.047936 1.195540 1.215008 0.935595 0.920127 0.884580 1.039009 0.865554 0.999086 
1.054998 0.874569 1.083430 0.857900 1.141903 1.083240 0.945336 1.081175 0.870049 1.067265 1.083078 0.815711 1.228302 1.122381 1.007220 0.850375 1.027815 1.200319 0.887448 0.858411 0.886531 1.031382 0.878781 1.033015 1.014803 
0.838203 0.932843 0.803314 0.822540 1.215474 0.916170 1.019420 0.828592 0.951397 0.809897 0.844320 1.234658 1.174598 0.997709 1.230535 0.887178 0.825144 0.861007 0.905933 1.132625 0.905136 1.226426 
0.804795 0.838266 0.953030 1.217695 0.904701 0.815594 1.216967 1.145835 1.140834 1.155787 0.795663 0.880721 0.923884 1.215410 1.057898 1.209732 0.927666 0.862940 1.177413 1.245660 1.052968 0.852331 0.912448 1.152964 0.992876 
1.139973 1.038013 1.258174 1.120770 0.868755 1.005076 0.809829 0.877015 1.007760 0.972689 0.818270 1.111276 1.031510 1.212337 0.862100 0.937968 0.809756 0.957625 0.990483 0.962924 0.938469 
1.030252 0.878120 1.038659 1.065477 1.076012 0.961412 1.007863 0.993048 0.942759 0.907583 0.951330 0.797763 1.223741 0.946475 0.828917 1.065487 1.143197 1.224789 1.038778 0.852556 
0.912230 1.056853 0.827623 1.108843 1.141368 0.923167 0.911002 1.232488 0.797425 0.940156 1.192511 1.217998 0.841588 0.860658 0.821157 1.093042 1.044392 1.238356 1.226110 0.943819 0.827620 1.225795 0.807048 1.156926 0.957713 0.945701 0.996502 0.954576 0.999089 1.123045 0.979174 1.131185 0.817287 
0.854063 1.019031 1.025031 0.873453 0.925142 0.979229 0.822589 1.122999 1.197456 1.007106 
0.866870 0.955613 1.135166 0.944528 1.239316 1.215665 0.906014 1.179721 0.889507 
0.998176 0.856677 1.257848 0.882870 1.238369 1.019402 0.841286 1.199200 1.206899 1.214362 1.131154 1.089152 1.170910 0.948931 0.931839 0.859113 1.109261 0.829416 0.869651 1.168206 1.055839 1.203486 1.023776 0.966160 
