114.793101 108.639091 117.445949 99.900394 136.628799 113.062575 123.868056 132.374143 135.841702 136.463713 128.452796 112.437422 109.788757 134.062571 127.956016 120.523359 136.252670 132.618718 104.450812 
104.044245 129.555347 102.111982 97.710717 131.373460 94.687618 104.474921 127.809934 115.068897 126.776374 112.234171 100.846310 124.798924 119.352471 135.951575 102.597239 93.689990 109.107230 101.867024 135.466739 103.737627 121.638348 133.588857 107.202721 119.237988 
107.930694 115.351009 113.196396 117.977902 126.543997 113.110388 116.703944 96.925093 118.351328 103.644835 105.383796 112.887729 107.777211 126.363168 120.846962 131.311779 96.549810 135.404968 113.009217 103.173231 104.487101 120.804454 
136.798772 109.213187 131.252479 122.414363 133.543635 125.984924 121.027457 117.694614 121.061181 111.540199 118.081488 97.733844 134.867255 126.402318 101.952076 110.462334 104.035333 102.526794 116.483006 109.067496 106.614159 102.769580 116.151341 103.672896 110.953608 
103.734161 99.552804 125.341252 103.103752 132.420981 119.103985 124.765630 129.242856 122.471280 106.052779 104.609132 100.229560 122.016125 130.552603 126.201268 125.822329 93.299906 137.765815 135.371974 105.808921 113.658098 
116.442194 104.942930 129.982106 116.979309 99.299646 135.045029 112.759675 96.473366 103.085066 112.354306 118.785159 136.183319 105.416453 114.340861 116.424818 135.833561 123.306627 95.452188 136.657055 93.382677 
133.739826 94.721072 101.866897 107.436013 134.202528 101.158821 115.534446 121.691261 100.508644 94.749271 124.909510 118.225009 127.526734 114.967721 95.930539 120.124779 97.186984 102.664525 124.740500 124.816367 118.257940 106.497388 97.858351 122.653229 135.000281 131.925178 100.151140 96.799159 122.127022 107.490217 112.745638 110.431993 102.279750 
127.001549 97.995987 93.382293 132.999095 113.885523 115.071703 116.352068 111.646475 107.785540 119.804095 
135.861902 131.269266 126.070479 129.356291 126.659934 115.895067 133.862984 129.780384 102.096536 
131.283473 124.225794 103.699683 94.610513 125.221029 107.712347 106.556589 93.668138 111.833188 103.527624 115.847229 127.279414 119.369339 94.967172 116.546989 133.721023 125.529744 118.116200 136.831923 127.791055 128.526616 136.258253 100.119123 117.745250 
