-10.860626 -1.483550 7.413016 -6.960152 -11.352168 -8.209707 -8.669922 1.759503 7.602482 -5.191655 1.197757 5.565469 2.146201 2.964774 -10.029694 1.062849 2.680942 -3.293801 -10.298696 
-0.612163 0.243173 -6.163862 0.267057 3.671341 -0.741401 -8.640562 1.551297 -5.846661 -2.553986 -7.206985 -1.917098 7.977312 -1.431777 -1.348091 3.687359 7.248025 3.090623 2.157156 -11.192057 0.491123 -7.441546 -0.555895 -8.592142 6.379564 
-5.121771 -4.287321 0.650444 -1.063555 -1.610442 6.146780 7.149042 6.181507 -2.388993 3.720726 5.581320 -1.146909 -6.782644 2.104039 1.049321 2.408841 3.528194 -3.338095 -10.006814 -5.610452 -9.114129 -1.062901 
-1.847224 3.002452 -5.799282 -10.750761 -11.408976 -8.343078 -3.796731 -1.270060 -3.672996 4.170424 -9.498330 4.072369 2.146965 5.205556 7.939972 6.626556 -2.162768 -9.110119 1.764548 -1.790613 4.558321 6.747205 -6.535259 6.502239 -6.435141 
2.752390 -7.769679 2.274500 -4.773647 6.628328 -6.376562 -10.059750 -8.683214 -5.853753 7.433861 3.040450 -2.201514 2.093994 -6.575857 -10.611835 2.003177 2.458742 -10.852822 -7.136239 -7.725747 -5.441078 
-5.980869 7.571857 -6.652732 4.952158 -8.272798 3.420211 -4.245961 1.876804 6.603159 -8.561606 1.549239 -1.771697 2.154336 7.711428 5.392606 5.194668 4.930874 3.181874 -3.629793 -5.917918 
-4.502713 -2.637458 -4.158270 1.843030 -1.000812 -0.095461 1.064240 4.387685 -4.994330 6.482239 -1.034799 0.837357 3.558768 -4.165110 8.744797 -10.051025 2.270170 -3.667727 -8.487410 0.459555 0.172447 -5.451729 8.811476 0.493720 -7.460220 0.922586 0.397468 -5.612194 0.862810 -4.871597 -5.065634 3.563228 -6.331973 
4.024138 2.442506 -5.848717 -2.489165 6.824368 -3.737867 -2.445583 5.628736 -9.944094 -5.296161 
7.747665 2.722844 1.373325 -8.290221 7.155161 -7.193679 -3.255968 -6.314555 4.188306 
-0.643422 -3.212248 6.416645 -0.667444 -0.428896 2.782116 -4.229254 -2.848709 -2.475958 3.171072 6.533004 2.071530 -2.602372 4.777930 -6.428561 -5.941837 -6.167597 -1.244707 4.835461 3.770862 6.260643 -4.373824 1.597257 5.203960 
