74.909267 2.982018 1103.465065 199.879757 0.703668 492.507489 10.605847 28.467318 668.392755 24.268867 5.383930 
8.789651 318.972230 21.165669 261.703542 21.827671 165.044612 2989.400066 54.769080 16.785898 141.404046 321.238595 371.669722 405.935366 5337.396576 94.816889 406.866767 47.249085 341.023381 6373.421096 651.481133 64.287590 124.944290 1498.028251 995.849901 2406.340784 3.101391 
51.304346 224.251730 29.190771 29.801968 75.013057 
0.107472 4.529007 8.245931 6.779294 1.287660 2.695476 0.445259 16.135018 3.297638 3.475296 1.083859 0.471722 2.614168 9.375664 8.522317 
3.444116 8.609024 1.186111 41.787019 13.340357 512.013507 34.817855 0.887990 1.807868 1.183143 2.655674 9.744664 20.695481 53.359535 17.344952 55.430483 12.276891 7.445856 60.253508 14.054315 8.430221 6.437219 
1.218385 3.886538 17.851783 99.480247 4.704827 62.320152 6.169558 3.113486 3.546609 3.589917 2.498096 0.468843 3.491791 221.668186 0.179924 0.671635 23.029843 29.421630 23.201795 36.218771 
129.903591 766.634523 110.945967 12.206391 14.609724 3.689780 263.451932 432.888631 2500.427517 4.892841 961.718561 631.107378 12.389310 179.964794 37.934679 1179.519590 44.696953 5.558657 4.204194 957.796341 4441.669610 784.357146 6.443273 1908.261539 18.773103 
85.430269 436.524856 442.925110 1.826540 3.900454 213.233003 194.335097 603.206775 15.078414 1.931646 222.911868 840.079055 10.592438 
828.649328 379.516180 2683.276916 59.894340 79.976054 12.831434 357.041143 2305.533128 523.775508 161.551546 4321.533663 4076.772054 56.468461 11.023256 86.295965 15.661729 23.968891 5730.941990 271.079672 64.347204 209.455691 216.865791 283.614927 103.850949 9669.345900 703.924750 6.247502 
20.323951 87.926579 1.326168 18.913558 16.756885 7.856619 510.382648 21.372824 2.613309 78.360847 0.974105 9.302353 1.601772 62.080539 11.113446 289.662833 3.631842 7.838897 13.132016 0.730880 31.028955 5.166532 1.923865 3.515111 2.205182 
