2.418504 -6.509931 -7.738834 2.601169 -2.976346 -5.072573 -1.097575 7.941418 -7.070948 4.142096 -5.629662 
-7.801169 -7.341958 -0.425695 -7.076116 -0.265022 2.207982 -2.596042 -6.718822 0.491503 -8.009553 -8.411874 -9.661446 2.104265 -8.950923 6.668194 -6.008996 -2.892545 8.499621 -0.112027 -3.530534 -10.415774 5.060895 6.208181 -1.924201 -4.309313 0.249334 
-7.552784 -0.164946 5.612737 2.227539 -9.062163 
5.439801 -2.711791 4.522010 -6.720820 1.683170 -4.738328 7.776347 -1.054574 3.034589 0.663646 3.512326 -1.069012 0.683150 -9.406440 5.904628 
6.632943 5.918717 1.974892 0.980266 3.460432 -0.094673 0.548597 6.603186 -5.049513 4.415099 -7.887577 -2.892324 2.782735 -5.416107 6.692904 -3.399740 0.315715 0.081033 6.734947 -3.667144 0.986766 3.682338 
4.882677 1.993534 4.545576 -7.252792 -4.332318 -9.499357 7.113074 0.406634 2.512710 3.592360 1.044287 2.090464 -6.109342 -1.799374 -4.153371 -0.713384 7.211533 4.580291 -3.810827 8.697086 
6.165028 0.458929 -2.378762 -5.418148 0.836063 -3.792708 -9.725852 4.857834 -0.878409 4.904370 7.603804 -7.103009 -0.863908 -8.000853 -4.341775 4.035773 5.902798 -9.432052 -2.815084 -4.798550 -5.154364 4.252332 4.800176 -7.266070 -6.501063 
1.944020 1.159108 0.674644 5.937793 6.743253 0.104071 -5.451750 -1.004012 -2.107108 3.535425 6.752696 -7.314686 6.018753 
6.776027 8.398580 -5.713021 -5.808788 5.058156 3.504484 7.889905 -1.126288 -3.705684 5.032883 7.073409 8.505698 7.060747 -8.088944 3.443314 -6.671026 -4.716778 -5.666574 -3.949697 -0.175161 -5.047234 4.887918 -9.060621 4.055864 0.616219 2.093536 -4.309075 
8.414828 -3.162608 -5.433898 -4.974007 -8.527619 -8.240972 5.875819 -10.646676 6.632137 8.299385 7.258631 -0.131104 -0.378283 -6.068090 -2.211860 -1.698436 2.123719 -9.615040 2.000702 6.544731 2.572124 2.986349 -10.199190 -4.972987 7.904696 
