122.299116 136.182048 133.902240 101.584168 122.916729 130.214678 102.055038 96.552756 122.792318 133.107093 95.697362 
119.375137 129.749162 119.007276 119.043334 96.954449 99.725304 107.143512 108.694459 119.781758 101.313016 99.710381 112.816874 107.641954 119.405385 107.874908 103.218961 120.262517 106.242133 96.695438 96.309548 134.417952 130.057238 134.053247 120.278122 129.679224 125.742834 
130.780902 127.855833 100.018364 111.705633 133.003264 
97.270348 110.269203 97.423609 96.339637 119.929038 112.094799 114.344138 117.613115 107.965109 133.168005 108.406905 136.931466 104.405462 132.988302 120.843341 
124.131428 99.476560 129.270458 122.751045 123.693543 134.383859 100.458881 104.321516 133.582503 97.290468 102.150775 124.403174 123.780110 93.952009 98.171708 102.842220 127.234954 99.327717 109.081452 120.024892 102.914858 93.810447 
117.219148 118.759744 109.683499 99.829312 123.809377 130.991353 108.388741 94.037840 108.799107 99.822388 98.812414 122.662565 116.432949 105.135338 117.589161 116.930600 97.794254 122.561785 113.821867 105.825008 
135.742401 110.612293 108.127011 135.069286 128.698385 116.538837 123.164126 133.433812 132.466060 102.016117 99.360147 136.009012 96.499703 104.382337 137.109238 134.635523 133.731009 107.893265 109.484709 103.834796 122.372409 118.034964 120.671136 103.030827 107.871212 
98.465777 129.477353 97.880742 110.049442 104.809787 123.885274 95.782573 106.698994 95.856180 98.665376 117.508578 106.214973 109.632004 
96.262962 97.422006 99.215406 97.585841 108.333598 106.525051 129.462674 105.592249 103.293128 131.557233 126.674528 110.478200 98.064307 113.511363 114.590425 126.699026 128.591319 94.755028 136.394587 98.083917 133.091716 122.211192 107.543985 130.545987 104.106946 126.650916 130.074356 
120.147620 114.557462 106.828662 100.586193 101.949820 106.803432 95.619133 120.526288 93.964168 122.816031 101.156630 95.843163 118.733195 98.556230 101.509494 102.375818 114.778788 103.323914 115.296055 121.128804 127.786589 93.847064 110.819984 118.306467 127.361386 
