  19.898952 -105.474295
  19.984430 -105.474295
  19.856213 -105.390459
  19.941691 -105.390459
  20.027169 -105.390459
  19.727996 -105.306622
  19.813474 -105.306622
  19.898952 -105.306622
  19.984430 -105.306622
  20.069908 -105.306622
  19.599779 -105.222786
  19.685257 -105.222786
  19.770735 -105.222786
  19.856213 -105.222786
  19.941691 -105.222786
  20.027169 -105.222786
  19.471562 -105.138950
  19.557040 -105.138950
  19.642518 -105.138950
  19.727996 -105.138950
  19.813474 -105.138950
  19.898952 -105.138950
  19.984430 -105.138950
  20.069908 -105.138950
  19.428823 -105.055114
  19.514301 -105.055114
  19.599779 -105.055114
  19.685257 -105.055114
  19.770735 -105.055114
  19.856213 -105.055114
  19.941691 -105.055114
  20.027169 -105.055114
  20.112647 -105.055114
  19.300606 -104.971278
  19.386084 -104.971278
  19.471562 -104.971278
  19.557040 -104.971278
  19.642518 -104.971278
  19.727996 -104.971278
  19.813474 -104.971278
  19.898952 -104.971278
  19.984430 -104.971278
  20.069908 -104.971278
  20.155386 -104.971278
  19.257867 -104.887441
  19.343345 -104.887441
  19.428823 -104.887441
  19.514301 -104.887441
  19.599779 -104.887441
  19.685257 -104.887441
  19.770735 -104.887441
  19.856213 -104.887441
  19.941691 -104.887441
  20.027169 -104.887441
  20.112647 -104.887441
  19.215128 -104.803605
  19.300606 -104.803605
  19.386084 -104.803605
  19.471562 -104.803605
  19.557040 -104.803605
  19.642518 -104.803605
  19.727996 -104.803605
  19.813474 -104.803605
  19.898952 -104.803605
  19.984430 -104.803605
  20.069908 -104.803605
  20.155386 -104.803605
  19.172389 -104.719769
  19.257867 -104.719769
  19.343345 -104.719769
  19.428823 -104.719769
  19.514301 -104.719769
  19.599779 -104.719769
  19.685257 -104.719769
  19.770735 -104.719769
  19.856213 -104.719769
  19.941691 -104.719769
  20.027169 -104.719769
  20.112647 -104.719769
  20.198125 -104.719769
  19.215128 -104.635933
  19.300606 -104.635933
  19.386084 -104.635933
  19.471562 -104.635933
  19.557040 -104.635933
  19.642518 -104.635933
  19.727996 -104.635933
  19.813474 -104.635933
  19.898952 -104.635933
  19.984430 -104.635933
  20.069908 -104.635933
  20.155386 -104.635933
  19.172389 -104.552097
  19.257867 -104.552097
  19.343345 -104.552097
  19.428823 -104.552097
  19.514301 -104.552097
  19.599779 -104.552097
  19.685257 -104.552097
  19.770735 -104.552097
  19.856213 -104.552097
  19.941691 -104.552097
  20.027169 -104.552097
  20.112647 -104.552097
  19.129650 -104.468261
  19.215128 -104.468261
  19.300606 -104.468261
  19.386084 -104.468261
  19.471562 -104.468261
  19.557040 -104.468261
  19.642518 -104.468261
  19.727996 -104.468261
  19.813474 -104.468261
  19.898952 -104.468261
  19.984430 -104.468261
  20.069908 -104.468261
  19.086911 -104.384424
  19.172389 -104.384424
  19.257867 -104.384424
  19.343345 -104.384424
  19.428823 -104.384424
  19.514301 -104.384424
  19.599779 -104.384424
  19.685257 -104.384424
  19.770735 -104.384424
  19.856213 -104.384424
  19.941691 -104.384424
  20.027169 -104.384424
  19.044172 -104.300588
  19.129650 -104.300588
  19.215128 -104.300588
  19.300606 -104.300588
  19.386084 -104.300588
  19.471562 -104.300588
  19.557040 -104.300588
  19.642518 -104.300588
  19.727996 -104.300588
  19.813474 -104.300588
  19.898952 -104.300588
  19.001433 -104.216752
  19.086911 -104.216752
  19.172389 -104.216752
  19.257867 -104.216752
  19.343345 -104.216752
  19.428823 -104.216752
  19.514301 -104.216752
  19.599779 -104.216752
  19.685257 -104.216752
  19.770735 -104.216752
  19.856213 -104.216752
  18.958694 -104.132916
  19.044172 -104.132916
  19.129650 -104.132916
  19.215128 -104.132916
  19.300606 -104.132916
  19.386084 -104.132916
  19.471562 -104.132916
  19.557040 -104.132916
  19.642518 -104.132916
  19.727996 -104.132916
  19.086911 -104.049080
  19.172389 -104.049080
  19.257867 -104.049080
  19.343345 -104.049080
  19.428823 -104.049080
  19.514301 -104.049080
  19.599779 -104.049080
  19.685257 -104.049080
  19.215128 -103.965243
  19.300606 -103.965243
  19.386084 -103.965243
  19.471562 -103.965243
  19.557040 -103.965243
  19.343345 -103.881407
  19.428823 -103.881407
