  1   3
  1   4
  1   2
  2   4
  2   5
  3   7
  3   8
  3   4
  4   8
  4   9
  4   5
  5   9
  5  10
  6  12
  6  13
  6   7
  7  13
  7  14
  7   8
  8  14
  8  15
  8   9
  9  15
  9  16
  9  10
 10  16
 11  18
 11  19
 11  12
 12  19
 12  20
 12  13
 13  20
 13  21
 13  14
 14  21
 14  22
 14  15
 15  22
 15  23
 15  16
 16  23
 16  24
 17  25
 17  26
 17  18
 18  26
 18  27
 18  19
 19  27
 19  28
 19  20
 20  28
 20  29
 20  21
 21  29
 21  30
 21  22
 22  30
 22  31
 22  23
 23  31
 23  32
 23  24
 24  32
 24  33
 25  35
 25  36
 25  26
 26  36
 26  37
 26  27
 27  37
 27  38
 27  28
 28  38
 28  39
 28  29
 29  39
 29  40
 29  30
 30  40
 30  41
 30  31
 31  41
 31  42
 31  32
 32  42
 32  43
 32  33
 33  43
 33  44
 34  45
 34  46
 34  35
 35  46
 35  47
 35  36
 36  47
 36  48
 36  37
 37  48
 37  49
 37  38
 38  49
 38  50
 38  39
 39  50
 39  51
 39  40
 40  51
 40  52
 40  41
 41  52
 41  53
 41  42
 42  53
 42  54
 42  43
 43  54
 43  55
 43  44
 44  55
 45  56
 45  57
 45  46
 46  57
 46  58
 46  47
 47  58
 47  59
 47  48
 48  59
 48  60
 48  49
 49  60
 49  61
 49  50
 50  61
 50  62
 50  51
 51  62
 51  63
 51  52
 52  63
 52  64
 52  53
 53  64
 53  65
 53  54
 54  65
 54  66
 54  55
 55  66
 55  67
 56  68
 56  69
 56  57
 57  69
 57  70
 57  58
 58  70
 58  71
 58  59
 59  71
 59  72
 59  60
 60  72
 60  73
 60  61
 61  73
 61  74
 61  62
 62  74
 62  75
 62  63
 63  75
 63  76
 63  64
 64  76
 64  77
 64  65
 65  77
 65  78
 65  66
 66  78
 66  79
 66  67
 67  79
 67  80
 68  81
 68  69
 69  81
 69  82
 69  70
 70  82
 70  83
 70  71
 71  83
 71  84
 71  72
 72  84
 72  85
 72  73
 73  85
 73  86
 73  74
 74  86
 74  87
 74  75
 75  87
 75  88
 75  76
 76  88
 76  89
 76  77
 77  89
 77  90
 77  78
 78  90
 78  91
 78  79
 79  91
 79  92
 79  80
 80  92
 81  93
 81  94
 81  82
 82  94
 82  95
 82  83
 83  95
 83  96
 83  84
 84  96
 84  97
 84  85
 85  97
 85  98
 85  86
 86  98
 86  99
 86  87
 87  99
 87 100
 87  88
 88 100
 88 101
 88  89
 89 101
 89 102
 89  90
 90 102
 90 103
 90  91
 91 103
 91 104
 91  92
 92 104
 93 105
 93 106
 93  94
 94 106
 94 107
 94  95
 95 107
 95 108
 95  96
 96 108
 96 109
 96  97
 97 109
 97 110
 97  98
 98 110
 98 111
 98  99
 99 111
 99 112
 99 100
100 112
100 113
100 101
101 113
101 114
101 102
102 114
102 115
102 103
103 115
103 116
103 104
104 116
105 117
105 118
105 106
106 118
106 119
106 107
107 119
107 120
107 108
108 120
108 121
108 109
109 121
109 122
109 110
110 122
110 123
110 111
111 123
111 124
111 112
112 124
112 125
112 113
113 125
113 126
113 114
114 126
114 127
114 115
115 127
115 128
115 116
116 128
117 129
117 130
117 118
118 130
118 131
118 119
119 131
119 132
119 120
120 132
120 133
120 121
121 133
121 134
121 122
122 134
122 135
122 123
123 135
123 136
123 124
124 136
124 137
124 125
125 137
125 138
125 126
126 138
126 139
126 127
127 139
127 128
129 140
129 141
129 130
130 141
130 142
130 131
131 142
131 143
131 132
132 143
132 144
132 133
133 144
133 145
133 134
134 145
134 146
134 135
135 146
135 147
135 136
136 147
136 148
136 137
137 148
137 149
137 138
138 149
138 150
138 139
139 150
140 151
140 152
140 141
141 152
141 153
141 142
142 153
142 154
142 143
143 154
143 155
143 144
144 155
144 156
144 145
145 156
145 157
145 146
146 157
146 158
146 147
147 158
147 159
147 148
148 159
148 160
148 149
149 160
149 150
151 152
152 161
152 153
153 161
153 162
153 154
154 162
154 163
154 155
155 163
155 164
155 156
156 164
156 165
156 157
157 165
157 166
157 158
158 166
158 167
158 159
159 167
159 168
159 160
160 168
161 162
162 169
162 163
163 169
163 170
163 164
164 170
164 171
164 165
165 171
165 172
165 166
166 172
166 173
166 167
167 173
167 168
169 170
170 174
170 171
171 174
171 175
171 172
172 175
172 173
174 175
