  19.428874 -104.188800
  19.966718 -105.202947
  20.168525 -104.624218
  19.649445 -104.238476
  19.787610 -104.464781
  19.345191 -104.317267
  19.691754 -104.516473
  19.468147 -104.081203
  20.043619 -104.614673
  19.470256 -104.557924
  20.145766 -104.685248
  19.984109 -104.518130
  19.986788 -104.326710
  19.536092 -104.971974
  19.253553 -104.644723
  19.338080 -105.005326
  19.348021 -104.824123
  19.217058 -104.074953
  19.234200 -104.690107
  19.869034 -105.159453
  19.595117 -104.856301
  19.813312 -104.341703
  19.047608 -104.200150
  20.154080 -104.932873
  19.716901 -104.380734
  20.015832 -104.812936
  20.119859 -104.971205
  19.252617 -104.552510
  19.731292 -104.803791
  19.484613 -104.448768
  19.944227 -104.937585
  20.049211 -104.882959
  19.884344 -104.874946
  19.473294 -104.579992
  19.097691 -104.163663
  19.939412 -105.276872
  20.018160 -105.303287
  19.701599 -104.713408
  19.523308 -103.958263
  19.547131 -104.207998
  19.890350 -104.286656
  19.810068 -104.529304
  19.741938 -104.565192
  19.418211 -104.731770
  19.368871 -104.128205
  19.461080 -105.042968
  20.021815 -105.401125
  20.056403 -105.197080
  19.462372 -103.951799
  19.441147 -104.656160
  20.183177 -104.845322
  19.605954 -104.675867
