 0.101880
 0.337750
 1.239746
 0.506024
 1.079975
-0.765323
 0.240808
 1.462170
-0.185576
 0.972729
 0.456495
 0.703080
 0.028503
-0.321756
 0.107477
 1.025932
-0.563192
 0.525946
 0.845121
-0.506421
 0.614307
-0.871552
 1.957213
 0.263941
 0.610628
 1.361185
-0.963223
-0.604483
-0.724639
 0.443523
 1.493223
-0.244835
 0.678326
 0.216148
-1.157649
-1.734740
 0.674132
 0.488208
-1.000807
 0.585784
-1.095586
 0.838849
 0.320852
 0.204861
-1.303185
 0.332869
 1.644676
 0.141956
-0.093214
 0.003130
-0.607904
-0.802178
