6.378197 3.470242 0.925876 15.045645 1.336039 366.658054 1.121172 2.646126 17.851564 7.274832 27.014715 3.227211 13.962996 27.517915 12.455853 18.179144 3.222748 81.214724 1.199849 14.706000 12.921399 72.121884 1.110053 5.496028 219.072164 62.247077 0.627574 1.241835 0.913349 12.557201 4.187659 4.141990 
2.313698 5.696988 0.892895 20.216254 97.835004 0.822795 1.410966 126.613557 1.123240 10.017244 0.137991 3.246151 14.122027 22.948290 13.131955 11.902082 0.607390 9.714000 4.616332 2.525652 11.577120 2.186275 414.693559 649.243776 78.688214 5.472074 0.787671 0.588496 1.835540 11.128075 
0.342137 66.302926 1.993021 23.772267 15.240724 2.474915 5.909328 0.623508 29.978523 26.151798 158.987159 3.352663 5.900940 6.143859 1.332548 1.191492 85.577523 48.547138 8.627424 0.580441 1.173103 33.457886 186.679413 341.108891 0.349595 2.934660 20.884239 22.064937 2.602716 755.903221 5.064355 
4.731750 190.987949 4.458793 83.136816 215.372155 1.524213 0.184438 45.777760 3.874112 57.283008 23.454141 11.689718 6.247306 0.358166 123.011819 1.246690 0.917663 0.610641 26.683702 14.832457 0.404671 13.199453 1.427403 48.649697 1.669844 13.304328 2.264137 0.818021 30.339570 1.312951 17.081852 2.004806 0.944897 66.221185 1.822844 
13.793220 13.170363 0.185262 11.695073 18.809972 0.994284 3.104765 36.795587 438.228290 10.230302 45.491174 96.765234 0.339139 0.074119 35.482335 15.527258 1.451944 9.763717 33.723287 17.957510 11.143361 
1.839643 131.713561 4.640432 7.052196 11.606286 1.800512 56.873248 1.046979 0.649702 2.850483 0.482707 101.156806 2.345178 0.066011 6.301715 2.498807 0.453273 10.188944 12.158405 6.047897 15.621895 12.100955 47.741309 48.594139 4.706907 3.672981 7.410382 
3.698899 8.108441 17.354396 11.730104 1.114485 0.423798 29.477112 304.436554 11.465065 1.743664 275.767469 2.215991 40.758352 0.352963 12.906230 45.793658 4.559379 0.077240 13.585205 1.576096 0.920772 0.812861 168.706950 12.160820 1.184041 3.486215 1.199506 6.700087 6.308843 6.803568 1.321962 1.528972 0.867875 0.463340 0.588592 1.805300 3.003458 11.106576 2.929532 7.846217 0.638888 1.125459 
8.564407 0.267443 1.301736 9.161307 0.383707 3.394027 0.148537 4.428781 26.600923 1.376630 7.979506 62.909373 98.679938 2.466290 0.386012 49.735725 30.697852 1.283194 57.684397 1.008532 0.409802 1.926770 7.451000 11.029117 15.431337 15.834893 4.311987 49.568408 0.138380 3.602534 4.937426 4.441011 1.952017 3.697770 1.517060 10.085283 190.289797 2.084362 17.458054 
2.843708 10.906892 0.231683 31.989937 0.550094 2.744029 2.082292 1.922040 19.590167 6.260826 15.093394 26.038286 61.296358 180.412166 15.321385 53.715935 1.615378 1.866516 11.799405 0.949608 0.937797 9.950936 7.034767 0.850852 4.105720 9.844128 76.990068 8.405011 0.424725 70.774322 23.043861 4.419032 5.462953 11.271665 0.859163 162.511899 4.270270 5.378938 7.623330 0.732561 30.036809 0.561034 5.767095 0.226477 9.621337 26.763787 9.813716 5.309686 24.517278 29.611769 4.257732 2.026544 3.446041 
5.406184 9.305951 74.260411 13.709933 51.402779 0.733986 7.444220 123.931234 2.788912 40.155047 12.232244 21.581970 4.565774 2.038241 5.476311 45.388206 1.169012 14.353487 29.931771 1.332262 17.592125 0.574724 387.457347 7.851500 17.443710 98.219183 0.465359 1.062987 0.806069 11.872296 133.117262 2.433192 20.386241 7.033303 0.297414 0.078754 20.190314 13.158904 0.426780 16.473841 0.343104 29.502594 8.950819 6.852872 0.212729 9.201959 188.663231 5.928803 3.449828 4.306670 1.054646 0.674269 
