-104.226204 -104.793359 -104.177452 -104.904295 -105.019697 -104.820088 -105.265523 -105.165581 -105.147755 -105.309872 -104.638338 -104.767523 -105.362155 -104.577561 -104.509060 -105.219079 -104.403570 -104.674680 -105.113800 -104.417714 -104.293715 -104.451206 -104.266283 
-105.085084 -104.740912 -105.358807 -104.446658 -104.363060 -104.908457 -104.994120 -104.229566 -105.016612 -105.297473 -104.122388 -105.042988 -104.012064 -104.551912 -104.236370 -104.877191 -104.300445 
-104.031085 -104.487058 -105.399445 -104.438480 -104.834910 -104.565322 -104.783894 -104.632485 -104.614888 -105.199231 -104.993787 -105.097728 -105.233843 -104.094604 -104.570221 -104.201197 -104.467727 -104.189143 -105.102424 
-104.649109 -104.836655 -104.429626 -104.664677 -104.729776 -104.885362 -104.886219 -105.222041 -105.447830 -104.220487 -105.082798 -105.097728 -104.229543 -104.350801 -105.304184 -105.294330 -104.402245 -104.921785 -104.466452 -104.460210 -104.197294 -104.333653 -103.980980 -104.722066 -104.004661 
-104.141776 -104.689870 -105.490306 -105.002636 -104.678671 -103.988330 -104.886219 -104.092125 -105.320624 -104.583307 -104.706007 -105.097728 -104.163317 
-104.181368 -104.686502 -104.345781 -105.026571 -105.063085 -104.331154 -104.886219 -104.356610 -105.360836 -104.751110 -104.154489 -104.833245 -104.109790 
-104.225457 -105.255369 -104.143996 -104.698852 -105.063085 -104.363830 -104.886219 -105.053960 -105.181955 -104.052510 -104.838677 -104.725581 -104.397437 -104.303991 -104.578643 
-104.041830 -104.582820 -104.201683 -104.252120 -105.264815 -105.323489 -104.886219 -104.911026 -104.177139 -104.550248 -104.838677 -104.383847 -104.526886 -104.895018 -104.024809 -104.723714 -104.237548 -104.030000 -104.914796 -105.017641 -104.432482 -103.928544 -103.878518 -104.652849 -104.176522 -103.884781 -105.174745 -104.624698 -104.565298 
-104.047936 -104.996043 -104.218297 -104.321847 -105.185698 -105.269003 -104.886219 -104.500911 -104.507254 -104.919861 -104.689970 -104.182005 -104.419672 -104.241420 -104.681170 -105.048521 -104.525113 -105.364145 -105.255572 -105.344430 -104.754179 -104.265890 -104.793922 -104.138095 -103.900112 -104.672778 -105.535841 -105.432445 
-104.775431 -105.324841 -104.029020 -105.342411 -104.644658 -105.269003 -104.886219 -104.208601 -105.074694 -104.608482 -104.233304 -104.924793 -105.459758 -104.221067 -104.453932 -103.994759 
