19.576704 19.741390 19.029806 19.975321 19.930341 19.486528 19.891272 19.660957 19.887760 19.833881 19.452641 19.970388 20.023015 19.805281 20.028829 20.079220 19.291408 19.657097 19.940016 19.707152 19.620207 19.774562 19.792872 
19.430655 20.196372 19.919512 19.421788 19.115783 19.793449 19.480412 19.551193 19.978244 19.850375 19.449876 19.464558 19.347068 19.184200 19.810511 20.146233 19.795589 
19.624912 19.745664 19.981155 20.026876 19.803298 19.244474 19.446655 19.375544 20.096503 19.715664 19.932204 19.609387 19.924857 19.646479 19.283764 19.601975 19.465832 19.008435 19.659119 
19.628759 19.840697 19.362033 20.188299 20.070601 19.324920 19.397789 19.668417 19.982383 19.791687 19.992982 19.609387 19.049270 19.463520 20.012577 19.690986 19.434908 19.864096 19.438477 19.724377 19.622418 19.334228 19.425263 19.823682 19.330644 
19.639514 19.647570 19.947871 20.036368 19.988067 19.159683 19.397789 19.400147 19.700788 19.191847 20.037394 19.609387 19.186870 
19.598681 19.869766 19.211850 19.410803 20.037192 19.153166 19.397789 19.936664 19.783662 19.372783 19.049450 20.050584 19.080050 
19.505690 19.757149 19.020702 19.791319 20.037192 19.344226 19.397789 19.453305 20.082715 19.163172 19.263134 19.337471 19.137964 19.379036 20.042338 
19.494583 19.290835 19.228488 19.830444 19.975527 19.745323 19.397789 19.395820 19.839810 19.378945 19.263134 19.778442 19.613789 19.867783 19.368567 19.310924 19.257679 19.352246 19.988780 19.781450 19.112852 19.454144 19.343718 19.708673 19.167441 19.440580 20.075968 19.715048 19.197747 
19.394863 19.799239 19.339036 19.917682 19.980969 19.726971 19.397789 19.120561 20.033838 19.355289 19.348418 19.292792 19.726959 18.958371 19.726538 19.362000 19.581030 19.851293 19.883757 20.025859 19.240361 19.583195 19.838529 19.000359 19.446205 19.499220 20.002890 19.993950 
19.403617 19.882358 19.462340 20.036031 19.713756 19.726971 19.397789 19.118834 19.472279 19.435818 19.031691 19.958642 19.986211 19.807809 19.090495 19.206959 
