-105.062537 -104.672098 -103.891771 -104.856945 -104.550575 -104.490356 -104.010708 -104.328711 -104.298225 -104.402364 -104.481379 -104.720143 -104.108798 -104.115499 -104.696899 -104.397416 -104.815755 -105.017003 -104.054161 -104.101040 -104.847989 -104.419023 -104.555605 -104.827210 -104.038643 -104.735977 -104.289780 -105.190688 -104.657930 -103.912495 -104.736606 -103.912734 
-104.371165 -103.976971 -105.237527 -104.888673 -104.545934 -105.442188 -104.986287 -105.131094 -105.166222 -105.007448 -104.033628 -104.720143 -104.680065 -104.997946 -104.696899 -105.305909 -104.569064 -104.862587 -104.464346 -104.395210 -104.102934 -104.735345 -104.153622 -104.244415 -104.020898 -104.684173 -104.249062 -105.043320 -104.295905 -104.852954 
-104.781083 -104.640744 -104.723981 -104.922178 -104.749371 -105.157840 -104.741983 -104.653247 -104.133925 -104.832679 -104.421867 -104.558492 -104.919648 -104.654236 -104.668177 -105.027100 -104.739089 -104.260372 -104.388835 -104.409263 -105.035942 -104.233417 -104.955623 -104.687218 -104.800576 -104.676949 -104.272266 -104.479800 -104.830176 -104.483762 -104.981598 
-105.134995 -104.228908 -104.849237 -104.189334 -104.726940 -103.951589 -105.330097 -104.772147 -104.424207 -104.854970 -104.731809 -104.650921 -104.671928 -104.195141 -104.306518 -104.135892 -105.220911 -104.883040 -104.141484 -104.840996 -104.503023 -105.223608 -104.904000 -104.725840 -104.855877 -104.190581 -104.905407 -105.024885 -105.092977 -104.799106 -105.087159 -105.070034 -104.340151 -105.130721 -104.205623 
-104.772805 -104.693811 -104.615185 -104.125141 -104.773132 -105.220911 -104.493893 -105.048280 -104.279067 -105.031806 -104.569254 -105.092977 -104.883599 -105.024885 -105.020205 -104.773982 -104.186081 -104.782493 -104.235791 -104.156938 -104.149091 
-104.698310 -105.192151 -105.013624 -104.474295 -104.603079 -104.955527 -104.959565 -104.401108 -105.182172 -104.080260 -104.338464 -105.211336 -104.869466 -104.504242 -105.205407 -105.173285 -104.423633 -104.698720 -104.259363 -104.432060 -105.062321 -104.826472 -105.090214 -104.257788 -104.082290 -104.480418 -104.503794 
-105.110842 -105.078514 -104.077062 -104.150768 -104.084519 -104.755561 -104.693030 -105.031378 -104.693520 -104.640750 -104.521361 -104.057514 -105.038446 -104.843524 -104.974502 -104.742189 -105.147727 -105.172698 -104.825278 -104.185409 -104.753681 -104.451357 -104.607166 -104.096414 -104.960030 -104.227134 -105.377549 -104.300047 -104.560079 -105.060121 -104.354402 -104.158403 -104.543210 -104.749560 -104.244597 -105.045376 -105.155397 -104.675250 -104.499910 -104.313080 -105.516236 -104.124656 
-104.839906 -105.337804 -104.074779 -104.151468 -104.911660 -104.502681 -104.604396 -104.975381 -105.251217 -105.287689 -104.013897 -104.836776 -104.968531 -104.800746 -104.682938 -104.720968 -105.012147 -104.524880 -104.252341 -105.213706 -104.436864 -104.759505 -104.124433 -104.966414 -104.148827 -105.164915 -104.741781 -104.182123 -105.472396 -104.282487 -104.677725 -104.883623 -104.646024 -104.401842 -104.134444 -104.308014 -104.694827 -104.143376 -105.344400 
-104.108899 -104.992426 -104.646111 -105.363953 -104.692781 -104.143906 -104.822736 -104.067508 -104.506471 -104.205138 -104.521422 -104.983796 -104.968531 -104.463318 -104.597143 -104.720968 -104.819938 -104.785425 -104.441038 -105.257052 -104.522867 -104.370573 -105.082457 -104.766112 -103.972601 -104.965400 -104.510133 -104.486028 -104.807761 -104.045454 -104.847726 -105.094853 -104.046827 -105.160397 -104.475328 -105.046714 -104.340588 -105.468574 -104.625444 -104.756553 -104.037458 -104.085407 -104.277742 -104.997908 -105.177893 -104.388161 -104.314348 -104.296984 -105.024727 -105.432257 -104.288939 -105.037514 -105.455230 
-104.188800 -105.202947 -104.624218 -104.238476 -104.464781 -104.317267 -104.516473 -104.081203 -104.614673 -104.557924 -104.685248 -104.518130 -104.326710 -104.971974 -104.644723 -105.005326 -104.824123 -104.074953 -104.690107 -105.159453 -104.856301 -104.341703 -104.200150 -104.932873 -104.380734 -104.812936 -104.971205 -104.552510 -104.803791 -104.448768 -104.937585 -104.882959 -104.874946 -104.579992 -104.163663 -105.276872 -105.303287 -104.713408 -103.958263 -104.207998 -104.286656 -104.529304 -104.565192 -104.731770 -104.128205 -105.042968 -105.401125 -105.197080 -103.951799 -104.656160 -104.845322 -104.675867 
