19.611992 19.620643 19.472660 19.561403 19.786133 20.093035 19.595003 19.502873 19.563834 19.989248 19.653625 19.333872 19.576459 19.043534 19.185954 19.025756 20.159976 20.077988 19.380365 19.465401 19.871594 19.779581 19.697780 19.768901 19.139054 20.117053 19.261022 19.750521 19.334774 19.386608 19.836975 19.352318 
19.521737 19.196208 19.621792 19.511780 19.917721 20.026335 19.619022 19.988911 19.919845 20.113422 19.332177 19.333872 19.954107 19.682773 19.185954 20.027663 19.252498 19.650755 19.496480 20.040027 19.320178 19.705179 19.230307 19.557508 19.360865 20.221168 19.792403 19.629961 19.086326 19.691766 
19.211086 19.580148 19.528399 19.495937 19.540284 20.026379 19.444913 19.302774 19.696732 19.560620 19.496924 20.025955 19.297681 19.182456 19.541873 19.549104 19.995252 19.589375 19.435830 19.205331 19.820872 19.081028 19.870958 19.260649 19.597232 19.530736 18.987405 19.455141 19.868456 19.681314 19.359754 
19.974903 19.471498 19.518798 19.186110 19.842803 19.551556 19.955285 20.074336 19.313721 19.499350 19.742048 19.704901 19.204942 19.086215 19.275006 19.069995 19.843292 19.980676 19.699423 19.595636 19.237327 19.879326 19.539264 19.202315 19.346617 19.174831 19.783251 19.488701 19.478769 19.496873 19.891418 19.998100 19.921423 20.104319 19.623098 
20.090172 19.412273 19.426081 19.440650 19.655133 19.843292 19.681347 19.351897 19.777731 19.448811 20.135980 19.478769 19.257414 19.488701 20.006225 20.197776 19.629428 20.035868 19.061802 19.782053 18.965359 
19.540858 19.931624 19.516805 19.358750 19.181839 19.428792 19.357544 19.627898 19.821434 19.126219 19.673959 20.086005 19.296706 19.309453 20.090684 19.721633 19.246212 19.537222 19.736945 19.975192 20.082597 19.535511 19.958389 19.793867 19.630583 19.448933 20.087925 
19.450315 19.656026 19.577344 19.483891 19.465274 19.438544 19.840939 19.771988 19.883871 19.271828 19.480070 19.113803 19.343081 19.271330 20.070594 19.310358 19.733064 19.808996 19.542691 19.521645 19.767191 19.824346 19.880268 19.599976 19.763271 18.982946 19.781186 19.812008 19.823350 19.427607 19.616382 19.698703 19.402246 20.153556 19.787197 20.034864 19.701606 19.464785 19.676590 19.951244 20.000781 19.705450 
19.833876 19.832065 19.621228 19.184223 19.279596 19.739530 19.820182 19.517144 20.000058 20.053484 19.637966 20.092576 19.316015 19.303732 19.174307 19.279144 19.771531 19.099853 19.168548 19.723464 19.937261 19.865330 19.260264 19.592123 19.413119 20.031404 19.649416 18.972791 19.912821 19.030845 19.263342 20.105753 19.221333 19.883795 19.400260 19.585924 19.885666 19.310090 19.968623 
19.593898 19.937357 19.780645 19.875541 19.282769 19.394281 20.014556 19.361373 19.082072 19.056092 19.155947 20.107865 19.316015 19.804365 19.608100 19.279144 19.317868 19.414188 19.445306 19.764066 19.727737 19.400986 19.504251 19.551711 19.526514 19.691374 20.104798 19.187923 19.764548 19.379118 19.578098 20.107401 19.659269 20.114674 19.315843 20.028528 19.969345 20.027531 20.167929 19.786201 19.170097 19.358209 19.077565 19.548325 19.580706 19.402950 19.611245 19.277148 19.936381 19.958574 19.971712 19.647774 20.010263 
19.428874 19.966718 20.168525 19.649445 19.787610 19.345191 19.691754 19.468147 20.043619 19.470256 20.145766 19.984109 19.986788 19.536092 19.253553 19.338080 19.348021 19.217058 19.234200 19.869034 19.595117 19.813312 19.047608 20.154080 19.716901 20.015832 20.119859 19.252617 19.731292 19.484613 19.944227 20.049211 19.884344 19.473294 19.097691 19.939412 20.018160 19.701599 19.523308 19.547131 19.890350 19.810068 19.741938 19.418211 19.368871 19.461080 20.021815 20.056403 19.462372 19.441147 20.183177 19.605954 
