0.899650 0.926559 1.165177 0.859735 1.182932 0.855403 0.830363 0.950439 0.796294 1.200784 0.960076 1.016167 1.211060 0.996405 0.871998 0.838064 0.939401 0.811700 0.845348 1.231174 1.031444 0.901713 1.019390 
0.831613 0.850366 1.228276 0.868588 0.940969 0.920380 0.859288 1.047911 0.802715 1.148971 0.978449 0.920894 1.191997 0.929386 1.169777 0.815267 1.116610 
0.900067 0.937450 1.198685 0.810351 0.937682 0.937892 0.859288 0.919292 0.958650 1.143122 1.129727 0.920894 0.801261 1.195724 0.843369 0.979346 0.849295 1.212188 0.951371 
0.923707 1.204806 0.932007 1.213713 1.226160 0.850134 0.859545 1.172942 1.129464 0.847186 0.811191 0.910050 1.045294 0.992427 0.847895 1.056594 0.823583 0.870419 1.111320 1.117122 0.951942 1.111782 0.864157 0.798668 1.094377 
1.013623 0.936876 1.016199 0.822669 0.796250 1.195988 0.859545 1.179367 1.201817 0.960001 0.889181 0.955065 1.140440 
1.058587 0.973557 0.985700 0.940501 0.798838 1.249489 0.859545 1.094024 1.183413 0.899178 0.840272 1.040538 1.126534 
0.903337 1.188004 0.862581 0.943814 0.805736 1.030968 0.853317 0.945026 1.114923 1.009945 0.885031 0.958893 1.078564 1.092464 0.977903 
0.923547 0.989280 0.816165 0.796058 0.805736 1.224052 0.853317 0.925359 1.095134 0.797867 0.885031 0.943466 0.931985 0.798606 0.817111 0.929689 0.953838 1.236402 0.842057 1.025793 0.973746 0.883007 1.079236 0.987196 0.889407 0.842089 1.105360 0.842225 0.805603 
0.825222 0.989280 1.144110 0.796288 0.805736 1.139705 0.853317 0.932991 1.091659 0.831191 1.141924 0.983696 1.144244 0.917824 0.922220 0.924376 1.080771 0.953415 0.938727 1.076941 0.872344 1.011110 0.861340 1.173796 1.193833 1.089309 0.937682 0.987363 
0.881985 0.820489 1.202742 1.198587 0.941624 1.207235 0.853317 1.258390 0.917185 0.955530 0.794330 0.872098 0.959937 0.950027 0.987843 1.246366 
